1000
10 863 388 545 768 601 701 966 965 1 2 11 17 16 376 383 381 80 79 0 12
19 468 2 0 965 335 354 912 270 578 304 519 762 89 942 919 227 296 486 231 1 0 79 78 2 6 5 498 499 944 943 117 290 291 124 539 540 127 15
20 1 468 994 426 132 665 208 264 875 859 309 72 961 377 289 314 459 956 863 0 1 1348 1349 457 24 23 209 210 63 64 65 20 4 8 9 3 13 14 12 0
6 446 292 649 891 76 278 247 1005 1363 1362 607 609
4 818 677 180 957 1238 1239 1241 1245
5 845 344 67 319 209 1153 1154 1157 1492 1494
8 87 612 333 884 637 360 896 532 782 784 783 1278 1741 1742 1580 1295
7 293 408 32 136 872 8 485 321 1016 1018 451 1586 1944 1945
5 872 211 831 485 7 1585 1744 1942 1944 1586
4 617 334 369 542 1753 1754 1888 1891
7 805 929 963 39 989 182 757 155 160 708 707 159 692 694
5 216 225 477 384 903 322 323 628 1614 1617
5 145 863 317 356 969 75 76 459 461 219
5 817 655 952 291 164 1939 1940 1994 1995 1975
5 245 655 817 584 321 1308 1587 1764 1765 1760
6 393 482 567 565 808 249 1029 1032 1031 1033 1034 1030
4 233 684 332 231 125 567 571 126
5 298 386 498 948 241 1895 1897 1956 1951 1896
8 769 87 789 638 639 331 244 295 429 1579 1737 1736 910 911 912 495
7 402 862 115 581 341 768 374 158 690 689 715 717 1056 1055
4 708 655 483 323 427 779 778 428
4 202 917 931 721 548 1337 1339 550
7 849 52 598 494 798 284 219 1169 1508 1695 1698 1514 1510 1512
7 782 811 914 440 366 720 859 437 808 815 1180 1179 438 439
7 609 108 39 568 978 709 893 710 712 1633 1634 1407 1093 1092
6 680 836 357 818 957 786 481 869 868 1244 1240 482
4 535 442 813 935 924 926 927 925
4 976 817 164 160 1987 1988 1990 1989
7 779 501 628 615 513 745 30 823 824 826 825 1538 1539 1531
6 540 417 992 735 359 700 801 1191 1194 1176 822 821
6 779 28 745 85 424 467 1531 1539 1540 1534 1533 1532
6 812 643 254 783 317 863 71 182 183 72 74 73
6 775 178 136 7 408 83 1015 1017 1018 1016 1378 1379
7 66 258 269 355 311 449 787 108 840 839 259 1303 1301 928
5 450 381 360 637 444 904 1739 1740 1276 905
5 62 454 455 80 460 1710 1725 1727 1711 1712
7 461 253 353 582 137 80 455 1718 1869 1868 1732 1731 1726 1724
6 343 825 466 277 175 736 958 1001 1000 967 965 959
8 886 646 186 228 415 297 843 924 42 43 44 760 761 346 660 661
7 989 10 963 869 568 24 108 707 708 714 1632 1633 712 711
8 447 394 626 232 871 858 432 396 1451 1660 1658 1653 1654 1453 1454 1452
7 318 968 761 261 944 707 281 263 264 538 535 574 981 982
6 211 167 163 819 187 831 1305 1306 1590 1591 1745 1743
6 783 254 363 190 999 81 184 185 190 409 408 220
6 72 309 440 821 867 410 444 813 812 810 811 445
6 790 678 751 713 562 938 203 798 799 802 803 432
7 937 457 236 218 522 748 596 40 145 344 343 151 369 367
4 665 540 110 240 213 452 453 214
4 96 822 535 787 102 514 930 931
6 679 796 658 988 505 705 1428 1842 1843 1688 1474 1475
7 152 879 403 150 84 683 260 61 738 739 1479 1477 395 171
7 142 569 848 482 393 205 170 631 632 634 633 1625 1628 1627
9 587 635 598 22 849 285 420 799 738 787 1507 1508 1169 788 922 920 1572 1571
5 545 883 697 816 433 339 1072 1070 1058 1062
4 737 651 452 689 1673 1805 1829 1823
6 813 666 358 193 771 935 520 523 524 525 522 521
4 730 749 75 88 1851 1854 1929 1926
5 620 315 544 715 792 1678 1912 1913 1905 1909
5 838 289 712 574 764 1471 1815 1811 1676 1472
6 237 387 575 503 340 397 684 1637 1635 1415 1100 685
4 89 636 928 533 265 275 277 266
4 330 901 772 547 610 611 613 612
6 493 885 454 35 460 878 1220 1550 1710 1712 1221 1222
7 930 807 640 538 733 982 752 1861 1862 1867 1866 1865 1864 1863
8 472 173 171 204 272 558 936 343 588 590 589 598 599 990 994 961
7 410 821 299 306 657 77 664 212 1131 1480 1481 404 442 443
9 258 33 787 535 935 771 866 279 500 108 928 929 516 517 518 467 844 843
5 344 479 123 319 5 764 1151 1156 1157 1154
4 274 438 861 778 1544 1545 1547 1546
6 959 941 706 881 616 934 740 1104 1105 1102 742 741
7 694 276 99 134 668 615 628 1367 1603 1607 1368 1371 1370 1369
6 100 312 349 142 125 592 1022 1037 1040 1780 1778 1393
10 961 2 309 44 410 664 77 536 906 78 20 65 444 445 441 440 174 173 22 21
7 653 372 837 330 547 932 226 34 57 55 97 462 463 224
7 141 802 153 137 582 541 874 1236 1237 1728 1729 1936 1971 1970
7 344 845 88 56 749 248 922 1106 1928 1929 1854 1853 1643 1425
6 262 323 278 3 891 453 313 606 607 1362 1365 314
5 536 72 664 65 657 174 440 442 404 403
4 961 72 906 594 21 22 398 399
5 395 698 460 80 153 1231 1233 1234 1235 1232
7 79 460 35 455 36 137 153 1234 1711 1727 1726 1731 1730 1235
6 783 43 999 102 356 317 220 408 837 833 460 221
7 470 529 475 243 369 856 564 555 556 1755 1756 1594 1322 1323
6 32 408 688 857 808 775 1378 1611 1609 1381 1380 1379
6 683 50 150 553 731 590 1477 1479 1832 1833 1682 1478
5 562 992 424 30 745 1196 1197 1534 1540 1536
7 252 175 921 456 476 625 610 974 1354 1770 1978 1979 1958 1350
7 18 769 101 612 6 532 789 429 1171 1170 782 1295 1578 1579
7 723 730 56 75 845 406 436 1923 1926 1929 1928 1927 1925 1924
8 762 307 729 636 60 533 942 1 116 123 121 265 266 289 290 117
4 272 256 573 719 1358 1360 1361 1359
9 684 717 231 670 820 632 462 213 691 295 296 297 303 301 572 1341 1342 970
6 93 448 695 131 484 623 194 775 776 425 1162 1163
7 448 92 623 128 207 280 418 194 1163 1164 771 418 419 420
5 438 274 877 355 365 723 724 725 726 727
6 687 299 492 731 939 923 1429 1430 1684 1817 1816 1677
10 822 48 787 673 531 693 882 161 499 286 102 931 1584 1583 701 702 149 150 678 679
4 260 683 979 835 1172 1518 1522 1173
5 964 148 357 836 680 477 863 864 480 478
5 70 276 775 981 134 1603 1604 1605 1606 1607
8 648 977 337 183 864 312 71 592 1019 1386 1387 1390 1389 1022 1393 1392
5 612 87 769 494 169 1170 1171 1700 1697 1516
6 969 356 81 999 352 829 832 833 837 836 834 835
5 182 722 693 805 757 375 697 698 695 693
6 496 740 605 534 728 794 413 757 1490 1789 1788 1449
6 532 896 192 639 638 789 1881 1884 1886 1885 1883 1882
5 608 118 550 624 799 100 888 1265 1266 252
4 232 626 671 572 1659 1662 1801 1798
4 609 989 39 24 709 711 712 710
4 774 311 753 897 526 527 529 528
4 47 540 700 240 452 820 819 453
6 573 348 921 466 995 719 973 1355 1357 999 997 996
5 240 700 359 208 633 1185 1187 1186 1529 1530
6 752 450 975 622 778 861 841 1219 1216 842 1214 1213
7 437 815 157 316 855 130 597 165 387 386 228 229 231 235
5 581 19 862 926 645 689 690 691 1086 1087
7 676 376 411 656 756 409 741 770 1108 1107 1121 1461 1460 1110
8 826 135 530 653 226 368 490 803 906 909 908 907 1294 1291 1280 1281
9 690 686 378 184 324 550 106 608 991 99 500 915 914 887 888 100 249 250
6 653 530 666 813 120 162 35 36 105 107 254 253
5 124 266 162 119 813 101 255 254 107 106
6 941 445 560 611 350 431 1103 1422 1424 1423 1417 1416
4 606 537 795 586 756 1147 1149 1142
5 479 667 207 319 67 1150 1152 1155 1156 1151
5 765 266 120 813 442 45 101 106 104 47
4 592 71 142 170 1778 1780 1781 1779
5 950 338 400 696 413 120 270 272 541 544
9 763 873 512 298 241 497 542 369 243 932 933 1596 1767 1948 1950 1889 1759 1758
4 207 93 623 339 771 1164 1506 1501
5 846 364 600 971 471 655 1042 1396 1395 656
8 878 516 597 114 855 644 885 493 85 232 231 229 230 848 850 96
5 523 765 484 92 695 424 426 425 776 773
6 665 2 426 421 692 528 24 457 456 67 68 26
8 834 756 491 909 563 716 232 900 1455 1922 1917 1796 1794 1795 1663 1665
7 981 565 567 287 668 70 99 1011 1023 1024 1183 1368 1607 1606
6 358 530 117 826 538 361 222 909 906 846 845 468
6 178 767 204 872 7 32 448 449 450 451 1018 1017
5 74 153 80 36 582 1728 1730 1731 1732 1729
6 478 932 547 907 480 166 465 466 1288 1289 1282 493
6 594 464 589 621 810 552 397 747 1670 1669 402 401
7 804 884 507 380 214 724 580 486 786 1269 1267 897 1271 1273
6 251 802 74 874 148 964 859 1236 1970 1972 861 860
10 308 569 51 170 125 71 349 908 560 445 168 631 1627 1781 1780 1040 1039 1420 1421 394
4 354 489 251 680 236 242 243 237
4 550 539 282 624 1563 1564 1566 1565
6 267 863 12 969 829 898 39 75 219 218 329 328
6 920 504 562 745 513 511 326 804 1535 1537 640 641
4 354 680 786 912 870 871 873 872
7 98 964 141 874 253 320 357 477 861 1972 1973 1721 865 863
8 300 677 996 579 766 165 168 270 244 1262 1261 1250 1251 876 246 245
6 50 403 305 188 553 84 739 751 749 1834 1832 1479
5 966 894 777 815 437 28 378 379 164 29
5 785 879 50 260 905 60 61 171 791 790
6 802 395 79 80 137 74 862 1232 1235 1730 1728 1237
5 577 958 286 642 870 1073 1074 1075 1076 1077
6 869 201 428 709 978 568 1408 1409 1410 1411 1631 1630
4 779 895 591 197 830 831 1207 1205
6 316 114 815 830 458 158 386 387 389 391 390 388
4 742 316 157 458 82 388 390 163
5 976 617 542 497 263 1747 1890 1949 1947 1893
8 187 819 976 27 164 291 485 831 1592 1748 1989 1990 1992 1991 1941 1746
4 882 222 499 96 147 148 150 149
7 653 119 120 266 523 650 506 253 254 255 256 257 513 511
6 944 334 819 42 167 275 260 1588 1590 1306 307 308
5 817 13 291 160 27 1975 1995 1992 1990 1988
7 168 149 766 602 947 578 383 876 1251 1252 1555 1557 1248 1247
6 478 138 480 824 718 368 493 1282 1283 1576 1577 1292
6 211 173 827 275 163 42 306 583 585 307 1306 1305
5 270 149 165 383 578 246 876 1247 1246 497
5 635 612 101 494 598 1515 1516 1697 1696 1517
5 142 51 205 592 125 1627 1628 1629 1779 1781
5 173 211 342 204 64 587 989 987 589 590
5 388 267 600 364 487 138 1043 1041 338 337
6 167 211 171 64 472 827 306 587 590 588 584 583
7 351 846 953 412 972 945 697 142 143 144 675 672 1067 1069
7 230 736 37 277 921 86 252 964 965 967 1353 1354 974 966
6 702 714 414 984 461 588 856 902 901 1554 1553 857
9 632 820 876 546 744 889 801 472 343 302 582 581 980 979 593 591 963 962
5 767 136 32 775 276 448 1017 1015 623 622
7 479 290 517 224 215 732 791 136 646 1385 1383 317 616 617
5 300 912 957 4 677 874 1243 1241 1239 875
6 224 517 508 312 864 210 1619 1621 1622 1623 1624 1620
7 10 989 194 555 722 103 757 159 1403 1401 687 375 693 692
6 224 210 864 100 337 903 1384 1391 1390 1387 1615 1613
5 324 118 378 682 234 914 915 916 1297 1299
5 280 955 416 650 418 765 769 768 767 766
5 38 646 754 551 228 43 1133 1135 752 44
4 42 819 160 831 1591 1592 1746 1745
6 305 616 881 469 553 150 748 1101 1836 1837 1834 749
5 714 599 622 975 614 1713 1715 1716 1717 1714
8 43 363 556 389 711 537 223 999 190 1444 1647 1646 411 412 410 409
5 198 785 206 647 514 309 311 601 600 310
7 490 368 639 105 896 360 570 1876 1877 1886 1884 1880 1879 1878
5 361 866 771 55 358 470 519 525 524 471
6 555 182 989 609 581 645 1401 1403 1404 1405 1406 1402
4 632 736 213 462 968 1344 1343 969
6 512 873 915 559 288 285 1311 1312 1313 1314 1315 1316
8 779 156 591 990 322 793 669 652 1205 1207 1774 1775 1602 1208 1209 1206
6 879 785 191 514 525 959 59 309 310 128 167 166
6 729 400 985 949 425 928 269 955 953 283 284 274
4 405 513 287 567 817 818 1026 1028
6 681 823 428 155 869 347 705 713 1409 1408 1082 1084
5 413 696 917 21 721 542 547 548 550 551
7 399 923 663 913 315 689 576 1681 1980 1981 1967 1830 1831 1819
7 136 767 272 64 171 342 872 449 597 598 589 987 986 450
4 51 393 592 170 1625 1626 1629 1628
7 302 301 790 647 191 785 905 199 201 604 601 311 793 794
8 667 280 93 128 339 840 319 123 417 418 771 1501 1502 1159 1155 1152
8 2 665 240 633 112 359 257 264 23 66 1528 1529 1186 62 208 209
8 676 741 502 436 845 5 319 840 1491 1495 1496 1493 1494 1492 1498 1497
4 183 224 181 864 1384 1620 1624 1391
8 173 167 42 831 8 872 342 171 306 1305 1743 1744 1585 988 989 587
6 375 228 551 496 518 911 348 753 754 406 422 423
5 91 462 195 736 691 1341 1343 1344 1345 1342
9 910 336 940 724 140 380 660 539 618 487 489 896 897 1267 1268 892 890 891
6 477 225 732 179 224 384 137 318 317 1383 1382 627
9 655 708 225 11 903 294 398 842 739 196 197 322 1617 1618 625 1014 1752 1750
5 569 308 920 511 242 635 636 639 643 637
5 522 46 236 972 345 343 344 671 673 345
4 284 229 849 22 1509 1511 1512 1510
7 346 784 591 895 659 421 426 1198 1199 1204 1203 1202 1201 1200
5 401 583 792 899 543 1783 1908 1907 1785 1784
7 850 870 642 499 161 882 748 146 350 349 148 147 152 153
6 986 352 999 190 537 674 189 407 410 412 1048 1045
8 384 215 179 517 181 210 183 903 1382 1383 1385 1619 1620 1384 1613 1612
8 323 262 732 215 477 11 216 708 131 319 318 137 323 322 197 198
6 653 73 932 478 368 117 224 463 464 1293 1294 907
7 566 329 987 296 1 919 382 114 940 939 539 124 566 565
6 38 186 551 212 375 415 44 752 753 348 758 760
6 386 849 219 284 321 498 1317 1511 1509 1762 1761 1595
6 332 684 691 736 175 252 568 971 972 964 966 569
9 468 1 486 670 91 717 233 16 332 15 127 298 297 296 294 126 571 570
8 871 40 626 107 572 900 133 716 1653 1658 1659 1798 1799 1663 1795 1793
4 684 16 231 717 125 126 294 293
5 682 773 993 324 184 1296 1298 1300 1299 1297
8 423 603 574 712 422 809 651 737 1436 1674 1810 1812 1467 1466 1470 1469
5 46 457 685 972 218 145 1063 1065 671 344
6 897 387 59 397 347 929 683 684 685 1079 1078 686
5 432 548 314 838 764 1118 1120 1443 1441 1119
6 644 451 851 951 588 885 472 473 1229 1230 858 849
7 208 665 47 110 700 112 633 66 214 453 819 1185 1530 1528
5 127 298 17 948 497 1767 1896 1951 1952 1948
5 848 569 217 511 405 629 637 643 642 630
5 82 475 763 127 369 1755 1757 1758 1759 1756
3 18 331 295 911 913 912
6 483 655 14 321 284 250 1307 1308 1760 1763 1310 1309
5 832 474 281 707 631 573 984 985 577 575
7 556 363 847 871 716 699 389 1445 1447 1651 1790 1791 1656 1645
5 908 922 75 749 727 1642 1643 1853 1852 1644
6 648 393 15 808 294 977 644 1030 1034 645 1021 1020
6 323 483 245 284 798 746 777 1309 1310 1513 1691 1693
6 489 802 141 964 680 143 241 859 860 479 243 242
5 332 230 175 86 610 569 966 974 1350 1352
8 36 461 984 320 148 874 541 353 1718 1720 1719 1721 1973 1974 1938 1869
8 643 868 925 561 363 43 783 31 180 1115 1116 181 185 184 183 182
6 299 687 399 576 760 306 1476 1679 1820 1822 1482 1483
5 272 767 694 573 90 596 1008 1009 1360 1358
5 208 359 678 301 264 62 202 204 206 208
5 33 66 500 759 269 108 843 1857 1859 840
4 877 473 387 443 532 534 730 728
7 152 50 683 97 835 983 905 171 395 1172 1173 797 792 791
7 944 41 761 758 564 856 334 535 538 934 1321 1320 537 536
7 453 927 557 732 225 323 76 130 133 320 319 131 313 314
6 584 817 976 159 497 948 1892 1894 1893 1947 1953 1954
5 257 301 875 2 208 206 207 210 209 208
6 370 777 703 681 503 392 733 734 735 1413 1412 1096
5 124 765 523 162 120 45 195 256 255 101
6 388 863 145 898 600 172 38 39 328 1044 1043 138
6 320 984 273 940 654 357 483 895 894 882 884 866
6 365 355 33 258 759 439 838 839 840 1859 1860 1215
6 1 912 300 149 168 578 5 95 245 246 497 498
6 348 675 800 625 476 456 1598 1898 1957 1977 1976 1769
7 767 256 90 719 558 64 204 596 1358 1359 995 599 598 597
6 984 804 580 724 940 268 893 1274 1272 898 894 895
8 880 973 877 94 438 68 778 943 721 722 724 723 1544 1546 852 853
6 163 167 827 472 801 944 307 585 586 592 595 308
6 767 178 775 99 70 694 622 623 1604 1603 1367 1007
4 175 37 466 921 967 1000 1356 1353
5 323 770 446 3 76 605 608 609 607 606
6 66 866 361 640 759 500 467 469 1708 1855 1858 844
8 667 479 495 955 185 418 93 207 49 50 193 765 766 419 418 417
5 41 707 246 474 318 981 985 984 983 982
6 539 660 463 738 624 144 1270 1559 1570 1567 1566 1564
6 723 988 658 510 749 730 1690 1844 1930 1931 1850 1848
7 250 245 321 229 219 22 798 1310 1763 1762 1509 1510 1514 1513
7 52 849 386 512 196 288 420 788 1318 1319 1316 1315 923 922
6 958 822 96 499 642 154 676 679 678 677 1075 1074
6 513 615 668 134 567 200 816 1184 1183 1024 1026 818
6 559 608 799 420 285 196 508 509 921 923 1315 1314
6 2 377 712 58 838 314 8 1814 1815 1471 1442 9
5 179 479 916 508 517 136 312 648 649 646
5 485 160 164 13 952 1991 1992 1995 1994 1993
5 3 446 907 547 649 247 1286 1287 1003 1005
6 408 7 485 739 842 844 321 1945 1946 1751 1377 1376
7 398 216 903 337 977 249 808 625 1618 1616 1388 1021 645 626
5 331 446 769 18 244 494 496 495 912 913
7 1 227 987 549 743 780 486 539 939 1332 1331 1328 1327 540
6 843 38 415 726 870 704 346 761 762 347 358 356
5 127 512 386 17 241 1596 1597 1895 1896 1767
8 590 492 95 687 255 306 65 821 1130 1430 1429 1476 1483 1480 1131 1132
5 270 912 180 677 149 95 874 875 244 245
10 206 302 629 788 797 875 264 257 678 790 199 200 806 807 434 207 206 204 205 201
5 301 206 905 983 629 199 794 789 430 200
5 593 515 828 475 529 286 560 559 557 554
6 1 578 662 902 434 519 499 1870 1872 950 942 944
4 616 188 150 403 748 749 751 750
7 65 299 255 760 464 536 657 1480 1483 1482 1484 1485 1486 1481
6 89 762 917 696 747 729 116 545 546 267 122 123
8 569 142 445 941 959 525 920 217 168 394 393 170 169 324 636 635
7 2 859 720 366 440 44 72 64 211 1181 1182 813 444 65
7 884 326 714 614 975 444 637 491 855 1551 1552 1217 1275 1277
6 355 753 109 774 449 33 258 527 526 1302 1303 259
6 71 100 864 181 508 349 1022 1389 1623 1622 1036 1037
4 886 924 980 441 662 1052 1138 1141
7 459 2 289 838 238 548 888 3 9 1442 1443 1120 186 187
6 57 620 689 203 913 544 1678 1825 1830 1967 1968 1912
7 158 742 880 451 855 114 157 82 162 161 227 228 386 388
6 31 783 81 356 12 863 72 221 460 459 76 74
5 968 41 281 474 549 263 982 983 1329 1333
6 123 207 840 209 5 67 1155 1159 1498 1492 1157 1156
5 984 268 357 148 253 483 866 865 1721 1719
6 245 14 584 498 229 284 1760 1765 1766 1761 1762 1763
6 675 348 694 793 197 990 1599 1601 1600 1602 1775 1772
10 262 225 708 20 483 250 746 770 278 76 131 198 428 778 777 1693 1694 605 606 313
7 539 550 118 184 234 993 618 886 887 914 1299 1300 918 889
5 484 627 726 415 375 414 416 763 759 415
5 884 804 414 714 310 490 900 903 855 491
5 784 994 800 675 990 1771 1901 1899 1773 1777
8 853 486 780 743 832 631 876 820 300 1325 1326 937 576 580 578 305
5 227 566 613 968 987 114 115 261 941 940
8 837 479 791 933 901 61 547 73 53 620 621 132 610 612 97 55
8 446 295 244 18 639 718 824 907 494 913 911 910 1575 1574 1285 1284
7 16 684 230 252 610 468 231 567 568 569 1352 1351 570 571
7 884 6 612 521 587 463 507 783 784 1167 1165 1561 1562 785
8 163 944 261 856 369 9 617 819 260 536 537 1593 1754 1753 1589 1588
6 354 1 965 395 802 489 2 78 239 238 94 7
7 214 910 371 579 661 755 940 487 878 877 880 881 488 489
5 100 977 294 903 183 1386 1388 1616 1615 1387
8 429 435 985 400 126 950 672 915 118 956 957 270 120 507 505 119
8 376 840 207 128 623 911 814 411 1499 1502 1501 1506 1505 1504 1503 1500
4 681 397 59 503 1099 1100 1415 1414
4 19 581 601 768 715 716 718 717
4 872 204 171 211 986 987 989 988
8 825 37 736 632 177 472 64 936 958 959 960 962 963 961 994 993
8 390 916 479 67 5 845 75 922 743 744 764 1154 1153 1106 1425 1427
5 522 218 972 412 806 345 673 674 359 360
4 784 220 426 994 1198 1200 1347 1346
7 929 237 397 681 201 869 963 1078 1079 1083 1084 1082 1081 1080
8 111 573 694 322 675 271 456 921 973 1010 1601 1599 1598 1769 1768 1355
6 508 390 908 142 71 312 1035 1038 1039 1040 1037 1036
5 431 121 611 510 706 1417 1423 1934 1933 1419
6 585 846 174 697 883 710 139 142 1069 1071 341 327
5 986 829 102 999 223 70 834 836 407 189
4 582 36 253 541 1868 1869 1938 1937
7 1 335 489 143 680 147 912 2 7 236 237 870 872 6
8 753 311 33 269 365 94 877 443 258 259 839 838 726 725 732 731
5 12 317 81 102 969 459 460 833 832 461
9 98 148 320 268 654 419 818 25 836 863 865 866 884 885 867 868 869 864
6 530 135 361 193 55 666 222 468 471 524 523 223
8 257 208 112 700 29 735 713 678 62 1186 1187 822 1176 1175 433 202
7 381 570 192 896 6 637 34 1738 1879 1880 1742 1741 1740 1739
7 358 135 538 640 279 866 193 468 845 1709 1708 469 470 471
4 543 899 960 505 1961 1962 1964 1963
7 254 561 847 247 556 190 43 181 1446 1447 1445 1444 190 185
5 846 487 172 600 129 334 338 1041 1042 655
6 94 355 269 439 865 438 726 838 1215 1705 1703 727
4 720 23 440 309 1179 1180 1182 1181
5 578 947 407 554 662 1733 1734 1735 1875 1871
8 490 117 226 478 166 718 639 192 1291 1294 1293 1292 1577 1573 1877 1876
7 334 856 82 243 127 542 9 1593 1594 1756 1759 1889 1888 1754
4 830 777 265 392 384 733 1096 1097
5 579 336 910 619 766 877 878 1257 1255 1249
7 650 416 571 837 73 653 506 19 51 58 57 34 510 512
5 585 710 974 545 388 650 651 654 653 652
5 457 402 19 768 997 1053 1055 1056 1057 1054
7 228 212 911 623 484 325 415 348 423 1160 1161 415 759 758
5 116 676 840 339 411 770 1158 1499 1500 1108
7 2 961 552 391 422 712 289 4 10 1123 1122 1813 1814 8
5 118 686 509 682 184 500 948 946 916 915
5 502 741 409 834 385 1109 1462 1463 1456 1111
5 214 140 507 463 660 1267 1269 1560 1558 1268
7 733 826 570 360 34 450 982 492 780 1738 1739 904 1543 1542
5 465 566 227 919 954 562 565 566 564 563
3 578 168 165 1246 1247 1248
5 477 215 224 903 11 627 1382 1612 1614 628
7 502 379 834 401 505 988 723 1111 1456 1457 1433 1687 1689 1685
7 849 229 498 17 298 512 285 1317 1595 1897 1895 1597 1319 1318
9 897 753 443 259 473 458 575 59 237 363 729 730 534 533 1638 1637 684 683
8 0 863 267 172 487 585 373 545 11 38 138 337 336 652 653 17
8 556 247 699 794 728 534 711 190 1645 1656 1657 1786 1787 1648 1646 1647
6 508 916 344 922 908 349 647 743 1427 1426 1038 1035
6 422 377 552 810 841 809 1122 1123 1124 1806 1808 1465
6 370 265 503 575 458 830 1096 1412 1636 1639 1098 1097
7 51 482 15 249 648 592 205 633 1029 1030 644 1394 1626 1625
4 447 671 626 40 1434 1661 1660 1451
7 802 335 965 488 698 79 153 238 239 240 474 1231 1232 862
4 432 603 447 40 1438 1440 1452 1454
5 237 59 340 681 347 685 1100 1099 1083 1079
6 808 857 962 842 216 294 624 1372 1373 1014 625 626
5 255 687 923 203 576 1679 1680 1681 1819 1820
7 729 747 696 126 338 985 199 268 271 272 270 957 955 269
6 505 385 834 583 221 543 1433 1457 1459 1783 1784 1782
5 937 862 19 374 457 140 158 1055 1053 141
6 934 616 305 150 50 879 736 750 751 739 738 737
5 704 522 806 924 843 354 361 658 659 355
6 848 242 511 513 200 567 630 642 638 817 1028 1027
3 845 436 88 1847 1925 1927
5 619 554 367 947 602 1258 1735 1734 1556 1259
6 7 293 844 688 83 32 321 1376 1610 1611 1378 1016
5 741 116 756 834 379 1460 1461 1464 1463 1462
6 821 65 664 72 44 867 212 443 441 445 811 809
5 656 116 376 339 814 1107 1108 1500 1503 1431
7 174 953 839 924 806 345 972 144 666 664 657 359 674 675
6 126 696 202 721 686 950 541 542 551 549 543 544
5 804 984 176 714 326 899 901 902 903 900
6 228 375 325 726 297 38 758 759 763 762 761 760
6 372 650 185 955 495 571 19 768 769 192 52 51
4 540 725 992 29 455 1192 1191 801
7 93 280 185 650 523 695 448 419 766 767 421 772 774 420
8 677 818 357 654 940 755 661 996 484 867 885 883 485 879 1264 1263
4 799 52 285 288 920 922 923 921
5 692 132 426 220 659 67 456 1201 1202 217
5 377 391 809 235 712 1122 1465 1467 1812 1813
5 671 447 603 235 737 1435 1439 1436 1469 1468
5 725 467 30 85 992 1189 1533 1534 1197 1193
7 949 593 761 613 465 928 199 278 279 282 281 280 284 283
6 421 132 2 994 346 220 456 457 1349 1347 1200 1201
6 946 966 890 516 641 481 27 30 86 84 89 88
5 201 823 893 709 155 713 1091 1090 1410 1409
6 915 873 763 887 435 338 110 112 113 111 118 119
5 929 805 693 531 897 156 699 700 365 362
4 941 121 350 706 1416 1417 1419 1418
7 858 548 238 764 603 396 40 746 1118 1119 1437 1438 1454 1453
5 53 816 997 768 545 1058 1059 1060 1061 1062
4 519 304 902 931 942 950 1338 1336
5 429 887 828 985 338 111 561 954 956 118
6 845 209 502 723 88 406 1493 1496 1686 1924 1925 1847
6 966 151 815 114 597 890 29 164 165 235 234 31
7 274 94 365 865 524 861 68 723 727 1703 1704 1210 1545 1544
6 365 269 759 640 807 865 1215 1860 1856 1707 1706 1705
6 821 44 309 366 23 914 812 813 1182 1180 815 814
8 551 646 886 313 980 833 586 740 1136 1140 1141 1138 1139 1146 1143 1137
7 958 765 124 813 26 535 822 46 47 104 926 924 515 103
5 877 259 387 753 355 728 730 729 731 732
5 450 34 637 310 975 905 1276 1275 1217 1218
5 941 308 142 560 121 393 394 1421 1422 1103
8 292 3 278 770 769 295 331 907 247 609 608 248 496 494 1284 1286
6 671 394 40 396 603 423 1434 1451 1452 1440 1439 1435
4 92 93 418 695 194 420 774 775
6 787 33 311 774 531 673 1301 1303 1302 1304 1581 1582
7 113 752 982 381 34 444 975 841 1541 1543 904 905 1218 1219
6 316 880 851 239 644 855 161 225 473 472 226 227
5 651 809 854 689 54 1803 1804 1828 1829 1805
6 927 262 76 891 520 772 130 314 1365 1366 615 315
5 885 588 455 35 62 1549 1722 1725 1710 1550
6 454 588 461 36 80 35 1722 1723 1724 1726 1727 1725
5 921 348 271 476 86 1768 1769 1976 1978 1770
8 46 937 402 374 997 945 685 236 40 141 1053 1054 669 1064 1063 145
8 742 158 157 830 392 575 387 473 163 390 391 1098 1639 1638 533 530
5 2 314 888 527 956 3 187 188 18 13
8 892 878 62 35 80 79 698 604 32 1221 1712 1711 1234 1233 475 93
6 588 176 984 253 36 455 1553 1554 1720 1718 1724 1723
4 91 632 195 213 572 969 1343 1341
7 660 380 507 333 587 738 282 1558 1560 1562 1561 1569 1570 1559
8 906 536 306 760 630 589 139 594 172 1485 1484 1125 1126 747 397 396
9 613 566 382 954 919 942 533 928 425 37 562 563 292 288 287 276 280 281
6 995 111 921 277 37 825 999 1357 1356 1000 1001 1002
5 725 970 779 30 424 1188 1190 1532 1533 1189
8 2 1 231 332 610 625 800 994 1 15 570 1351 1959 1960 1900 1348
7 998 731 553 188 881 796 679 1835 1838 1837 1836 1839 1840 1841
5 593 529 82 564 758 553 555 1323 1324 935
5 953 846 129 971 839 332 656 1395 1400 667
7 827 173 64 343 177 801 275 584 588 961 963 591 592 586
5 742 458 387 259 877 530 533 534 532 531
6 246 832 743 549 318 281 573 938 1330 1329 983 984
7 887 763 243 82 529 303 828 109 1757 1755 556 557 559 558
4 456 271 625 86 1976 1977 1979 1978
4 225 215 384 11 137 627 628 323
5 226 932 138 166 368 464 465 493 1292 1293
12 280 667 123 67 344 916 290 179 791 330 837 495 49 1150 1151 764 744 312 136 617 620 53 54 50
4 166 138 907 824 1282 1289 1290 1283
5 641 892 604 946 427 87 92 91 88 89
5 393 51 848 567 15 633 634 1025 1032 1029
5 250 323 20 655 245 777 778 779 1307 1309
7 765 627 325 375 623 92 131 191 414 415 1161 1162 425 426
8 831 160 291 952 739 293 7 8 1941 1991 1993 1943 1946 1945 1944 1942
7 231 1 296 780 328 853 670 127 540 1327 1325 300 299 298
5 364 846 585 388 172 334 335 336 337 338
5 965 946 604 698 395 81 90 476 474 240
5 354 335 802 251 143 7 94 241 242 236
6 570 826 803 117 368 192 781 1279 1280 1291 1876 1878
8 794 699 909 133 756 656 814 518 1915 1916 1917 1922 1921 1918 1919 1920
4 299 590 731 95 1130 1683 1684 1430
4 878 130 885 62 96 850 1220 1222
7 22 598 169 101 769 746 798 1695 1696 1697 1700 1701 1699 1698
6 280 479 837 571 416 955 50 54 56 52 192 193
6 518 212 551 740 104 794 406 754 755 413 1449 1450
6 263 159 542 127 241 948 1947 1949 1950 1948 1952 1953
6 386 229 321 584 948 17 1595 1761 1766 1955 1956 1897
5 161 222 642 286 96 148 349 677 678 150
4 258 66 279 759 843 844 1858 1857
5 669 628 28 779 652 447 824 823 828 827
6 741 379 385 723 436 209 1109 1111 1685 1686 1496 1495
6 392 265 681 340 59 575 1412 1413 1414 1415 1635 1636
8 525 514 647 790 938 562 146 920 129 602 603 431 805 804 326 325
8 385 401 543 362 960 705 49 988 1433 1782 1963 1964 1903 1474 1688 1687
4 372 653 162 650 510 511 513 512
5 884 333 463 380 140 785 1562 1560 1269 786
7 916 390 349 312 181 517 290 647 1035 1036 1622 1621 649 648
4 682 378 686 721 946 948 949 947
6 283 658 706 350 611 749 1930 1932 1933 1934 1935 1931
6 513 405 242 217 920 146 638 642 643 639 641 640
6 127 873 196 285 386 298 933 1311 1316 1319 1597 1596
8 405 511 146 745 28 615 287 200 638 640 1537 1538 825 816 818 817
5 525 198 191 647 504 128 310 600 602 129
5 593 949 985 828 303 285 951 952 560 286
6 878 641 427 890 597 130 83 84 86 233 232 85
5 179 290 508 181 224 646 649 1621 1619 1385
6 212 496 794 491 814 911 406 1450 1920 1919 1432 422
6 304 434 931 917 762 1 942 1336 1335 945 943 944
5 547 772 453 891 649 614 615 1366 1364 1004
4 587 333 612 635 1165 1167 1168 1166
8 748 46 218 345 806 404 704 850 151 343 345 360 361 354 353 154
7 266 765 131 695 418 650 162 195 424 773 772 421 257 256
5 861 438 865 807 930 1210 1704 1702 1548 1211
6 198 514 504 920 308 959 128 129 325 324 169 167
5 898 986 918 839 971 330 333 663 1399 1398
5 956 459 888 925 868 18 188 1112 1114 41
6 540 665 132 692 659 970 25 26 68 215 216 69
5 470 593 303 475 82 553 554 557 556 555
6 119 653 117 135 358 666 35 908 909 222 223 36
7 774 897 430 693 96 673 449 364 365 700 701 1583 1581 1304
5 87 6 896 105 789 1295 1580 1881 1882 1578
5 89 60 928 465 942 266 277 276 287 289
7 605 586 795 711 389 728 104 1487 1488 1489 1648 1787 1789 1490
7 48 822 442 26 935 66 787 514 515 924 925 516 929 930
6 464 906 72 77 657 306 172 173 174 403 1486 1485
7 190 711 795 122 606 674 223 411 1148 1147 756 1049 1048 412
6 361 135 826 733 63 640 845 846 847 1866 1867 1709
7 550 324 618 214 660 282 144 886 889 890 892 1270 1564 1563
9 665 528 970 725 417 29 700 110 47 25 69 454 455 801 821 820 452 213
5 74 582 353 253 874 1936 1937 1938 1974 1971
6 9 369 127 497 159 617 1888 1889 1950 1949 1890 1891
5 505 401 221 899 362 1782 1784 1785 1961 1963
6 57 315 913 904 705 715 1912 1968 1969 1965 1914 1913
8 768 0 388 373 974 883 53 433 16 17 653 654 340 339 1062 1061
4 876 631 744 177 579 978 980 581
10 73 330 61 772 520 649 292 907 138 932 97 612 613 614 1004 1003 1287 1288 466 462
5 888 314 238 432 858 186 1120 1118 746 405
6 318 474 743 296 987 968 1329 1330 1331 1332 1334 1333
6 324 539 144 624 106 118 886 1563 1565 1265 888 887
8 228 186 754 646 441 740 496 212 752 1135 1134 1136 1137 755 754 753
6 377 961 594 139 810 391 10 400 401 402 1124 1123
5 84 150 188 469 731 1832 1834 1837 1838 1833
7 773 682 721 662 367 407 619 501 552 1874 1875 1735 1258 1253
5 722 182 194 645 926 687 1401 1402 1085 688
4 190 363 247 389 1444 1445 1645 1647
6 262 927 901 933 791 732 133 134 135 618 619 320
5 64 272 719 995 936 599 995 998 992 990
6 991 608 288 196 915 672 251 508 1314 1313 502 503
6 142 908 727 611 121 445 1420 1641 1640 1424 1422 1421
5 363 254 925 634 847 181 1116 1117 1448 1446
9 45 713 735 992 85 745 146 504 938 802 1174 1195 1196 1536 1535 804 805 803
4 699 716 133 909 1792 1794 1796 1797
5 856 261 758 470 82 1320 1321 1324 1323 1322
5 134 981 808 15 567 1011 1013 1033 1031 1023
5 465 613 329 227 382 37 115 114 565 562
8 134 565 15 482 848 405 200 287 1023 1031 1032 1025 1027 1028 1026 1024
5 869 155 978 24 39 1630 1631 1634 1633 1632
6 142 308 217 242 848 51 168 635 637 629 632 631
5 381 826 490 192 360 780 781 1878 1879 1738
4 372 416 495 837 51 52 56 58
7 232 107 671 620 792 583 900 1798 1801 1802 1911 1910 1800 1799
6 348 111 719 90 256 694 973 996 1361 1360 1009 1010
5 235 603 764 58 712 1674 1675 1676 1811 1810
5 503 59 387 458 392 1635 1637 1638 1639 1636
6 399 203 689 967 760 255 1819 1831 1827 1821 1822 1820
5 607 958 154 870 726 680 1073 1077 681 682
9 270 168 383 165 947 367 662 304 1 497 1246 1248 1557 1733 1871 1870 499 498
6 336 371 766 149 996 661 877 1249 1250 1261 1260 880
4 140 724 273 804 1271 1272 1274 1273
8 19 115 645 194 609 893 601 341 689 1087 1406 1405 1088 1089 716 715
5 74 137 36 353 541 1729 1732 1868 1937 1936
7 834 781 900 572 792 221 401 1458 1666 1800 1910 1908 1783 1459
6 14 817 263 948 498 321 1764 1892 1954 1955 1766 1765
6 846 351 710 373 388 487 139 327 650 652 336 335
8 606 122 795 534 605 740 441 833 1142 1149 1488 1487 1144 1143 1146 1145
6 635 52 738 463 333 521 787 1571 1569 1561 1165 1166
8 702 176 461 455 454 885 239 951 857 1553 1723 1722 1549 858 1230 1226
5 139 464 630 854 621 747 1126 1668 1671 1670
7 821 914 683 84 731 492 299 1128 1129 1478 1682 1683 1130 1132
6 156 895 220 784 990 197 831 1204 1199 1776 1774 1207
7 648 100 71 125 170 205 393 1392 1393 1778 1779 1629 1626 1394
8 425 949 515 303 529 470 758 761 278 285 286 554 553 935 936 279
6 906 464 139 552 961 78 396 397 401 400 399 398
6 862 937 596 860 722 926 157 366 372 370 373 374
6 595 937 46 748 882 860 366 367 369 368 371 372
5 114 130 516 890 437 231 232 233 234 235
5 52 635 169 494 22 1507 1517 1696 1695 1508
5 714 702 943 622 189 1223 1225 1224 1715 1713
6 364 172 267 898 971 129 1041 1043 1044 1397 1396 1042
6 0 768 341 581 893 701 376 718 716 1089 1095 383
5 165 766 619 407 947 1252 1254 1259 1556 1555
7 235 423 447 396 432 764 574 1436 1439 1440 1438 1437 1675 1674
6 488 946 481 892 460 698 90 91 92 93 475 476
4 104 740 586 534 757 1144 1487 1490
5 537 122 586 833 674 756 1142 1145 1047 1049
4 726 627 958 577 351 352 680 682
6 118 106 799 288 559 991 100 252 509 508 251 249
6 989 108 24 893 581 194 709 710 1092 1088 1405 1404
5 252 86 625 468 332 1350 1958 1959 1351 1352
6 350 121 560 727 749 510 1423 1424 1640 1849 1935 1934
7 6 87 101 169 635 521 333 782 1170 1516 1515 1168 1167 784
6 566 465 425 761 968 329 37 281 282 262 261 115
4 310 714 189 975 1551 1714 1717 1552
6 287 513 28 628 70 668 816 825 826 1370 1371 1184
6 403 934 69 881 188 305 736 742 1102 1101 748 750
6 819 334 9 542 159 976 1589 1753 1891 1890 1747 1749
5 539 324 993 910 214 889 918 919 891 890
7 773 554 407 602 766 371 910 1253 1258 1259 1254 1255 1257 1256
7 671 737 689 315 57 792 572 1473 1824 1825 1678 1909 1911 1802
6 810 139 589 854 809 841 1669 1670 1671 1672 1809 1807
6 778 113 975 189 599 943 842 1216 1716 1715 1224 851
7 375 911 339 128 93 92 484 1160 1505 1506 1164 1163 1162 1161
6 106 550 144 282 738 799 1265 1565 1566 1567 1568 1266
6 271 800 468 610 86 476 1957 1960 1959 1958 1979 1977
5 232 40 394 671 107 1658 1660 1661 1662 1659
6 765 958 607 726 325 484 48 352 351 416 414 191
7 669 793 694 70 615 28 501 446 1006 1369 1370 826 824 447
7 301 302 983 835 811 734 788 200 430 796 795 1525 1526 806
5 464 760 967 854 589 1125 1127 1667 1668 1126
7 832 246 707 744 546 876 328 575 577 977 978 579 580 576
7 91 820 177 343 736 195 462 301 302 962 960 968 969 572
3 208 240 112 1528 1530 1529
6 888 858 750 847 561 925 745 1649 1650 1448 1117 1113
6 52 587 521 612 169 598 787 1166 1168 1515 1517 1507
4 89 729 928 60 121 273 275 265
6 310 444 34 360 6 884 1275 1276 1740 1741 1278 1277
4 639 18 789 105 1736 1737 1883 1885
7 331 18 638 105 192 368 718 910 1736 1885 1886 1877 1573 1575
7 807 439 759 279 361 538 63 1707 1856 1855 1708 1709 1867 1862
5 878 892 481 427 516 33 87 89 84 83
5 499 222 870 154 286 349 350 1076 1075 677
5 31 812 852 868 254 71 178 179 180 182
5 855 451 239 885 130 226 472 849 848 230
5 926 555 194 581 115 1085 1402 1406 1087 1086
6 38 886 441 551 754 186 42 1140 1136 1134 1133 43
5 514 191 206 790 504 600 601 604 603 602
5 393 249 977 100 592 644 1020 1019 1392 1394
5 292 547 520 891 3 1003 1004 1364 1363 1005
7 416 372 506 162 523 418 185 19 512 513 257 421 767 768
5 235 809 452 54 737 1466 1803 1805 1673 1470
4 669 501 779 197 827 828 1206 1209
8 372 73 226 117 530 119 162 506 34 224 907 908 35 253 511 510
4 268 940 419 357 882 883 885 884
10 708 216 739 952 13 817 14 245 483 20 196 1750 1887 1940 1939 1587 1308 1307 779 427
5 116 411 814 491 756 1107 1431 1918 1921 1121
4 536 77 65 306 403 404 1481 1486
7 49 796 881 706 510 283 988 1842 1845 1846 1932 1930 1844 1843
7 528 692 421 220 895 779 970 215 217 1202 1203 829 458 216
5 539 214 380 463 282 892 1268 1558 1559 1270
5 419 755 336 579 996 879 881 880 1260 1264
6 304 578 367 554 721 902 1870 1871 1875 1874 1873 1872
7 203 923 939 998 679 904 913 1980 1986 1985 1984 1983 1982 1981
4 77 72 410 65 440 441 443 442
7 208 2 132 528 540 47 240 23 24 26 25 213 214 66
5 119 530 358 55 813 36 223 523 520 105
4 479 280 207 123 49 417 1152 1150
4 134 287 615 70 1183 1184 1371 1368
5 793 628 501 652 197 446 447 827 1209 1208
5 91 231 486 853 820 297 298 299 304 303
8 394 447 423 737 620 572 107 626 1434 1435 1468 1473 1802 1801 1662 1661
6 559 915 338 950 690 991 502 505 507 506 504 503
4 449 531 96 787 1581 1583 1584 1582
5 986 223 537 606 833 1045 1048 1049 1047 1046
6 271 348 322 990 327 800 1598 1599 1772 1773 1899 1898
5 376 116 741 209 840 770 1110 1491 1497 1158
7 149 300 180 4 818 419 996 244 875 1239 1238 484 1263 1262
7 257 359 713 751 45 790 301 202 433 800 798 203 205 204
7 796 49 705 904 663 998 469 1428 1475 1966 1983 1984 1841 1840
9 354 143 251 964 98 836 25 786 147 237 243 479 478 480 481 482 871 870
9 703 701 823 201 347 397 340 503 265 704 706 705 1084 1083 1099 1414 1413 735
7 554 773 234 184 378 509 721 501 1296 1297 916 946 947 552
7 260 50 84 590 914 979 97 395 1477 1478 1129 1520 1518 1172
7 16 233 717 91 691 230 332 125 293 295 970 971 568 567
4 236 457 945 972 1063 1064 1066 1065
7 690 950 413 721 509 378 118 98 543 549 949 948 500 99
5 299 95 923 399 255 1429 1677 1680 1679 1476
4 844 857 83 408 1608 1609 1611 1610
9 737 54 452 854 967 576 203 315 620 1823 1829 1828 1826 1827 1831 1830 1825 1824
5 950 686 118 991 672 98 99 250 504 506
5 684 91 213 736 230 970 1342 1345 972 971
4 132 421 659 528 67 217 215 68
8 722 860 882 96 531 430 805 103 696 703 702 701 700 699 698 697
9 628 793 322 348 573 256 767 276 70 1006 1600 1601 1010 1009 1008 1007 1367 1369
5 418 523 131 92 448 772 773 776 775 774
7 747 307 917 202 413 126 400 267 546 547 542 541 272 271
6 174 945 816 53 883 351 1067 1068 1070 1072 1071 1069
5 395 488 604 460 79 474 476 475 1233 1231
7 389 247 716 563 909 491 794 1656 1791 1792 1797 1916 1915 1657
6 240 110 540 29 359 112 819 820 821 822 1187 1185
8 703 894 966 0 601 893 823 681 380 382 381 383 1095 1094 706 704
6 714 176 588 951 943 599 856 857 1226 1228 1225 1223
5 777 894 701 681 265 377 380 704 735 734
6 850 522 404 843 297 870 353 354 355 356 358 357
7 49 505 960 715 544 904 679 1474 1903 1904 1914 1965 1966 1475
7 69 941 431 350 510 658 881 1104 1418 1419 1933 1932 1846 1105
6 41 944 744 631 246 281 574 976 977 577 985 981
5 216 655 20 323 225 196 427 428 198 197
5 428 893 24 978 155 1090 1093 1407 1411 1410
5 585 351 883 974 373 327 341 342 651 650
5 537 190 389 534 795 411 1646 1648 1489 1148
6 235 574 58 289 377 422 1810 1811 1815 1814 1813 1812
6 678 359 735 562 45 751 433 1175 1174 802 799 800
8 310 326 414 176 702 599 189 614 855 903 902 856 1223 1713 1714 1551
6 960 899 792 57 544 705 1902 1906 1905 1913 1914 1904
6 247 871 232 133 563 699 1790 1793 1795 1794 1792 1791
4 684 233 231 91 293 294 296 295
5 639 368 166 824 331 1573 1577 1576 1574 1575
6 558 272 90 573 111 995 995 1359 1361 996 997 998
4 309 859 23 366 211 438 1179 1181
10 686 413 202 21 931 902 662 554 682 509 549 551 550 1339 1340 1873 1874 552 947 949
7 595 860 693 103 182 555 926 370 696 697 375 687 688 373
7 502 385 988 283 730 88 436 1685 1689 1690 1848 1923 1924 1686
5 214 940 273 580 140 896 898 1272 1271 897
6 540 970 467 424 992 417 454 1188 1189 1193 1192 455
7 870 297 415 325 627 607 577 347 762 763 416 351 682 681
5 611 560 908 248 749 1640 1641 1644 1852 1849
4 389 794 104 534 1786 1788 1789 1787
7 636 89 307 747 400 199 928 121 123 122 268 269 274 273
5 723 283 749 56 88 1848 1850 1851 1926 1923
8 590 84 553 469 998 939 95 492 1682 1833 1838 1835 1818 1817 1684 1683
6 179 215 225 262 557 791 317 318 319 320 619 616
5 826 381 982 63 538 492 1542 1865 1866 847
5 811 782 776 788 629 1523 1524 1527 1526 1525
5 562 713 359 29 992 1174 1175 1176 1194 1195
8 343 37 175 230 691 213 195 632 959 965 964 972 1345 1344 968 960
7 671 423 235 651 54 689 620 1468 1469 1470 1673 1823 1824 1473
6 624 282 463 587 52 799 1567 1570 1569 1571 1572 1568
6 655 216 842 293 485 952 1750 1752 1751 1946 1943 1887
6 104 496 551 441 586 605 413 755 1137 1143 1144 757
6 379 502 209 676 116 409 1109 1495 1491 1110 1460 1462
7 316 158 458 473 877 973 880 82 163 530 531 720 719 162
6 832 328 780 296 549 474 937 1326 1328 1331 1330 938
6 944 889 177 546 631 707 975 979 980 978 977 976
6 146 562 85 30 28 513 1535 1536 1540 1539 1538 1537
6 250 798 494 769 770 323 1691 1699 1701 1692 1694 1693
4 729 307 696 400 122 267 271 268
6 46 522 850 222 882 596 151 154 153 152 368 369
8 611 727 248 75 56 730 283 510 1849 1852 1853 1854 1851 1850 1931 1935
4 634 858 871 847 1649 1655 1652 1650
3 45 678 713 798 800 799
6 450 113 861 930 63 982 841 1213 1212 1863 1864 1541
6 311 355 443 387 897 109 258 731 729 363 529 527
3 186 646 551 1133 1134 1135
4 419 940 336 661 485 488 881 879
6 116 656 491 133 834 409 1121 1921 1922 1455 1464 1461
4 10 182 103 805 692 693 695 694
5 261 761 593 470 564 934 936 935 1324 1321
6 279 640 439 269 258 500 1855 1856 1860 1859 1857 1858
6 630 464 306 255 576 967 1125 1484 1482 1822 1821 1127
7 968 613 425 593 758 261 41 262 282 279 936 934 538 264
5 307 89 1 519 917 116 117 943 945 545
6 475 887 429 873 127 243 109 113 112 932 1758 1757
6 432 238 838 58 574 603 1119 1441 1472 1676 1675 1437
8 266 124 442 958 627 484 131 523 45 47 46 48 191 426 424 195
6 579 371 619 602 165 149 1249 1255 1254 1252 1251 1250
7 136 178 276 694 256 272 204 448 622 1007 1008 596 597 449
8 0 545 433 997 374 19 341 601 16 1061 1060 1057 1056 717 718 376
8 446 770 746 494 101 87 18 295 248 1692 1701 1700 1171 429 495 496
5 769 446 278 323 746 248 608 605 1694 1692
5 66 935 55 193 866 517 522 525 519 518
6 927 453 520 547 61 901 315 615 614 613 611 316
6 682 554 619 910 993 234 501 1253 1256 917 1298 1296
5 897 531 449 311 109 364 1304 1302 526 528
7 276 178 32 83 808 981 99 623 1015 1379 1380 1012 1605 1604
4 782 797 788 734 1177 1178 1527 1524
7 894 703 265 370 830 815 151 377 734 733 384 385 379 378
6 113 622 943 274 68 861 842 851 852 1546 1547 1214
10 970 659 895 156 197 652 501 28 30 467 458 829 830 1205 1206 828 823 1531 1532 1190
4 328 486 296 743 1325 1327 1328 1326
3 583 834 900 1458 1664 1666
6 859 797 776 734 811 23 436 1177 1524 1523 437 439
5 317 31 254 43 81 72 183 184 220 221
6 220 346 994 327 990 591 1198 1346 1771 1777 1776 1199
6 198 879 152 905 206 191 59 60 790 793 311 309
5 680 25 957 912 147 482 1240 1242 873 871
7 66 33 449 673 96 48 535 928 1301 1582 1584 931 930 929
5 301 629 734 776 797 806 1526 1527 1178 807
5 87 532 105 638 18 1578 1882 1883 1737 1579
7 206 301 678 45 938 504 647 201 205 203 432 431 603 604
6 179 732 557 933 330 479 616 619 618 621 620 617
7 57 715 899 221 583 572 620 1905 1906 1907 1908 1910 1911 1909
5 628 669 197 322 694 446 1208 1602 1600 1006
7 496 104 728 389 699 491 518 1449 1788 1786 1657 1915 1920 1450
5 122 537 711 534 586 1147 1148 1489 1488 1149
5 49 679 469 881 658 1428 1840 1839 1845 1842
6 875 301 788 776 782 859 434 807 1178 1177 436 435
5 250 284 22 494 746 1513 1514 1698 1699 1691
7 608 106 624 738 52 420 288 252 1266 1568 1572 920 921 509
6 271 675 327 994 468 625 1898 1899 1901 1900 1960 1957
5 472 177 889 944 275 591 593 594 595 592
7 489 335 395 153 74 141 251 94 238 862 1237 1236 859 241
3 490 826 117 1279 1281 1280
7 884 140 580 273 984 414 326 486 1273 1274 893 899 900 490
6 929 10 757 103 693 430 155 694 695 698 699 156
5 345 412 924 404 522 359 657 658 361 360
6 930 524 865 439 640 63 1548 1702 1706 1707 1862 1861
9 857 398 294 249 15 565 981 775 83 624 626 645 1034 1033 1013 1012 1380 1381
8 422 391 841 621 854 452 651 235 1465 1808 1809 1672 1804 1803 1466 1467
5 552 139 621 841 391 402 1669 1807 1806 1124
7 23 782 734 629 835 979 914 437 1523 1525 795 1521 1519 808
4 643 31 863 852 71 73 177 178
8 442 124 120 119 666 55 935 26 104 106 107 105 520 521 927 926
6 656 411 339 911 518 491 1431 1503 1504 1432 1919 1918
6 437 151 777 830 157 114 164 379 385 389 387 165
5 945 997 433 53 697 670 1059 1058 1070 1068
8 14 655 13 164 27 976 263 584 1587 1939 1975 1988 1987 1894 1892 1764
6 419 677 4 957 25 357 484 1238 1245 1244 868 867
7 163 334 617 976 160 187 42 1588 1589 1749 1748 1592 1591 1590
7 632 91 670 853 328 876 177 301 303 304 305 578 582 302
8 65 410 867 44 440 914 590 299 212 809 810 812 814 1128 1132 1131
6 48 96 286 958 442 535 102 679 676 103 515 514
5 201 681 701 893 428 705 706 1094 1091 713
5 166 480 907 331 718 1283 1290 1285 1574 1576
5 37 343 936 995 466 958 993 991 1002 1001
8 381 733 538 135 117 803 490 570 492 847 846 906 1281 1279 781 780
4 167 173 472 275 583 584 586 585
6 887 475 303 515 985 435 558 559 560 952 954 561
6 352 986 898 145 969 102 70 331 329 218 835 834
6 777 370 392 458 157 815 384 1097 1098 391 389 385
6 211 42 187 160 485 8 1743 1745 1746 1941 1942 1744
5 474 246 631 328 743 573 575 576 937 938
7 918 986 674 606 586 441 980 668 1046 1047 1145 1146 1139 1050
9 756 133 900 781 583 401 385 379 409 1455 1665 1664 1458 1459 1457 1456 1463 1464
6 811 629 983 260 97 979 795 796 797 1173 1522 1521
4 680 98 357 25 480 864 869 481
6 479 330 73 372 571 495 53 55 57 58 56 54
5 764 238 314 289 58 1441 1443 1442 1471 1472
7 526 918 924 412 953 471 971 663 665 664 666 667 1400 1399
6 376 676 209 319 207 339 1158 1497 1498 1159 1502 1499
4 391 810 621 809 1806 1807 1809 1808
7 216 398 962 857 844 293 739 1014 1373 1374 1375 1377 1751 1752
5 38 297 704 404 924 346 356 355 659 660
5 842 857 688 408 293 1375 1608 1610 1376 1377
7 75 344 5 209 436 406 88 1106 1153 1494 1493 1847 1927 1928
8 351 585 487 364 129 471 953 174 139 335 334 655 656 332 143 142
6 363 561 634 750 871 247 1446 1448 1650 1652 1651 1447
6 569 242 405 567 482 51 629 630 1027 1025 634 632
6 285 52 22 219 229 386 788 1169 1512 1511 1317 1318
5 870 222 748 522 704 146 153 154 353 357
5 451 880 943 951 239 225 854 1227 1229 473
5 956 868 643 812 863 175 179 178 177 176
4 670 486 328 820 299 300 305 304
7 630 967 689 452 809 621 589 1667 1826 1828 1804 1672 1671 1668
5 451 644 130 114 316 226 230 229 228 227
5 334 261 564 82 369 537 1320 1322 1594 1593
7 398 808 83 688 844 842 962 624 1381 1609 1608 1375 1374 1372
7 888 548 432 40 871 750 634 405 746 1453 1654 1655 1649 745
7 2 875 797 782 23 720 309 63 435 436 439 438 211 64
5 722 595 596 882 693 370 372 371 703 696
7 438 524 930 752 113 778 68 1210 1211 1212 1213 1214 1547 1545
6 402 937 595 926 115 19 140 157 374 691 690 158
11 388 0 2 956 852 812 31 317 12 145 267 11 12 14 176 177 73 74 76 75 39 38
5 312 100 183 210 181 1389 1390 1391 1624 1623
5 807 524 438 365 439 1702 1704 1703 1705 1706
5 279 66 771 193 361 467 518 519 470 469
3 821 410 44 809 811 810
6 956 527 925 254 643 852 41 1114 1115 180 179 175
6 39 963 347 201 155 568 714 1081 1082 1408 1630 1632
8 222 850 704 297 726 577 154 642 146 357 358 347 681 1077 1076 350
7 247 847 750 858 40 232 716 1651 1652 1655 1654 1653 1793 1790
6 136 204 342 211 8 7 450 986 988 1585 1586 451
6 429 915 196 512 127 763 110 1312 1311 933 932 112
5 141 74 541 253 148 1970 1971 1974 1973 1972
5 859 2 264 301 797 63 210 207 434 435
5 820 328 631 546 177 578 580 579 581 582
8 742 473 259 443 355 94 274 973 531 532 728 732 725 724 722 720
7 460 892 641 516 130 493 62 32 33 83 85 96 1222 1221
7 785 198 959 934 403 50 152 59 166 392 737 738 61 60
7 451 316 742 973 274 943 851 161 162 719 721 853 854 225
7 188 616 69 706 658 796 469 1101 1102 1105 1846 1845 1839 1836
7 222 161 96 693 860 596 748 147 149 702 703 371 368 152
6 53 545 974 710 351 697 339 340 342 341 1071 1072
8 140 804 326 310 637 6 333 507 486 490 491 1277 1278 783 785 786
7 130 644 239 588 454 62 493 848 849 858 1549 1550 1220 850
5 646 38 924 313 441 42 661 662 1141 1140
5 763 475 828 435 429 109 558 561 111 113
7 314 548 858 634 925 527 459 186 405 745 1113 1112 188 187
4 801 177 744 944 593 979 975 594
5 427 966 437 597 516 30 31 234 233 86
5 76 3 649 520 453 1362 1363 1364 1366 1365
5 878 460 604 481 641 32 93 92 87 33
8 581 609 24 709 428 823 701 601 1088 1092 1093 1090 1091 1094 1095 1089
5 151 966 701 703 777 28 382 380 377 378
5 779 659 220 591 156 829 1203 1204 831 830
5 532 6 360 192 105 1580 1742 1880 1884 1881
8 929 430 531 774 109 753 387 237 362 365 364 528 529 363 683 686
7 267 145 829 986 526 971 600 328 329 331 330 1398 1397 1044
6 543 221 792 715 960 362 1785 1907 1906 1902 1962 1961
6 133 232 572 583 781 834 1663 1799 1800 1666 1664 1665
6 330 933 557 927 772 61 132 135 134 316 611 610
5 434 304 662 721 931 950 1872 1873 1340 1338
7 384 224 183 337 294 216 11 1612 1613 1615 1616 1618 1617 1614
5 705 544 913 663 679 1965 1969 1982 1983 1966
6 983 302 206 785 152 260 789 794 793 790 791 792
5 78 72 536 464 594 22 173 172 396 398
7 446 331 824 480 138 547 292 1284 1285 1290 1289 1288 1287 1286
7 349 390 922 248 727 560 142 1038 1426 1642 1644 1641 1420 1039
4 563 133 491 699 1796 1917 1916 1797
7 336 214 618 993 773 619 371 487 891 919 917 1256 1257 878
6 212 518 814 339 623 375 422 1432 1504 1505 1160 423
8 270 1 354 147 786 957 180 300 5 6 872 873 1242 1243 874 95
5 315 203 663 904 544 1967 1981 1982 1969 1968
7 23 811 979 683 590 821 440 808 1519 1520 1129 1128 814 815
6 873 429 338 672 559 196 110 119 505 502 1313 1312
5 290 479 344 390 508 312 744 743 647 648
7 307 762 519 931 21 202 696 545 945 1335 1337 548 547 546
6 526 986 833 980 924 839 333 668 1050 1051 665 663
6 227 1 942 465 954 382 124 291 288 292 564 566
6 308 525 504 146 511 217 324 325 326 641 639 636
7 175 277 466 111 348 456 86 1353 1356 1357 1355 1768 1770 1354
5 344 75 248 908 390 1425 1643 1642 1426 1427
6 687 95 939 663 203 399 1677 1816 1986 1980 1681 1680
10 806 412 839 918 980 313 886 38 843 404 657 664 665 1051 1052 662 661 660 659 658
6 527 888 634 561 254 868 1112 1113 1117 1116 1115 1114
6 595 722 555 645 115 862 373 688 1085 1086 691 374
5 262 453 772 901 557 130 315 316 134 133
7 636 729 199 425 465 533 60 273 274 284 280 276 277 275
7 10 805 430 897 237 347 963 155 156 362 686 1078 1080 160
5 861 524 807 63 752 1211 1548 1861 1863 1212
6 917 519 434 902 721 21 1335 1336 1338 1340 1339 1337
5 73 547 138 478 226 462 466 465 464 463
4 901 330 791 557 132 621 618 135
5 879 959 69 616 403 392 741 742 736 737
6 66 535 26 813 55 771 516 925 927 521 522 517
5 64 558 995 825 343 990 992 991 993 994
6 457 46 596 595 862 402 40 367 366 157 140 141
4 504 790 45 562 431 432 803 805
5 923 95 731 998 663 1816 1817 1818 1985 1986
8 755 419 654 268 273 724 214 336 485 883 882 894 898 896 489 488
7 959 308 445 121 431 706 69 170 393 1103 1416 1418 1104 740
5 533 465 919 1 89 287 288 291 290 289
8 778 622 599 702 951 851 880 274 851 1224 1225 1228 1227 854 853 852
9 334 163 275 801 889 744 707 41 261 260 308 595 594 975 976 574 535 536
7 457 997 816 697 174 972 685 669 670 1068 1067 672 1066 1064
6 966 427 481 604 488 965 27 88 91 90 81 77
5 165 602 407 367 578 1555 1556 1734 1733 1557
6 241 17 498 584 263 497 1951 1956 1955 1954 1953 1952
5 593 425 199 985 515 278 283 953 951 285
6 686 690 672 338 126 413 98 506 507 120 544 543
5 702 588 239 851 943 1226 1230 1229 1227 1228
5 655 739 485 291 13 1887 1943 1993 1994 1940
5 174 846 471 839 412 143 332 667 666 144
3 919 465 382 292 563 564
4 495 416 185 280 192 769 765 193
6 2 459 527 868 852 863 13 18 41 175 176 14
6 786 25 818 4 180 912 1240 1244 1245 1241 1243 1242
8 765 442 822 286 154 577 607 627 46 103 676 1074 1073 680 352 48
7 879 198 525 308 941 69 934 166 167 169 170 740 741 392
5 899 715 705 505 362 1902 1904 1903 1964 1962
6 377 2 72 78 594 552 4 20 21 399 400 10
3 398 857 842 1372 1374 1373
5 10 929 347 869 39 160 1080 1081 714 708
5 148 98 680 251 141 477 478 479 860 861
7 966 946 488 395 335 1 0 77 81 240 239 78 79 80
9 427 946 965 0 701 894 151 437 890 27 77 80 381 382 28 29 31 30
5 630 760 576 689 854 1127 1821 1827 1826 1667
7 329 613 761 41 318 549 987 261 262 264 263 1333 1334 941
5 829 145 12 356 102 218 219 461 832 835
6 540 528 659 779 467 725 69 216 458 1190 1188 454
6 471 129 600 898 526 839 1395 1396 1397 1398 1399 1400
7 218 236 685 945 174 412 345 671 1065 1066 672 675 674 673
4 880 742 877 274 719 720 722 721
4 883 545 373 710 340 654 651 342
7 622 113 450 444 310 614 189 1216 1219 1218 1217 1552 1717 1716
7 617 159 263 817 27 160 819 1747 1893 1894 1987 1989 1748 1749
5 100 648 249 294 337 1019 1020 1021 1388 1386
4 709 24 568 155 1407 1634 1631 1411
5 97 683 914 811 835 1518 1520 1519 1521 1522
5 918 833 441 313 924 1050 1139 1138 1052 1051
5 565 134 99 775 808 1011 1606 1605 1012 1013
5 450 752 63 733 381 1541 1864 1865 1542 1543
5 629 302 905 260 835 430 789 792 797 796
8 268 320 253 461 176 414 804 273 483 1719 1720 1554 901 899 893 895
7 515 949 199 400 338 435 828 951 953 955 957 956 954 952
8 829 352 223 674 833 918 526 898 70 189 1045 1046 668 333 330 331
5 296 227 329 968 549 939 940 941 1334 1332
6 385 505 49 658 283 723 1687 1688 1843 1844 1690 1689
6 182 10 39 108 609 194 159 707 711 709 1404 1403
6 675 322 197 591 784 327 1772 1775 1774 1776 1777 1773
5 118 608 559 672 690 249 251 503 504 250
7 29 417 725 424 85 562 735 1191 1192 1193 1197 1196 1195 1194
5 773 910 618 324 234 917 919 918 1300 1298
7 784 346 426 2 468 800 327 1346 1347 1349 1348 1900 1901 1771
6 825 936 558 719 111 466 991 992 998 997 999 1002
5 661 579 149 677 419 1260 1261 1262 1263 1264
6 945 457 374 768 433 816 669 1054 1057 1060 1059 670
5 939 731 469 679 663 1818 1835 1841 1984 1985
6 223 352 102 81 43 190 407 836 837 408 409 410
