10000
-2
0
0
4141
3954
7043
2592
5601
2637
5908
5429
6734
7737
882
1054
62
654
928
417
8897
4591
876
8036
7706
7181
2223
5244
2755
9276
3515
1726
9507
1347
412
3478
6499
5295
7655
4183
3564
8071
7555
7709
340
3396
8067
364
2933
54
3346
3302
306
6523
9671
3273
47
5606
1787
5940
9837
908
5408
1002
3200
2924
6832
5354
2651
6107
5214
2747
6055
1894
3243
6259
1057
8966
8448
4502
9479
436
948
2836
1907
1585
6592
9008
8351
1286
5108
7461
3809
1193
6949
5373
3176
7040
1486
7374
4606
4001
3808
6090
4482
6425
9974
1308
4987
9112
9748
3077
7484
3558
8942
6549
7580
193
6264
8714
5680
473
6205
8421
5886
3128
33
1244
6355
3363
5002
4
6725
4305
6593
8092
7475
7837
709
252
6105
1771
8777
5089
8386
1706
1297
9252
3454
8755
1679
6136
2476
2470
4237
8486
7096
8526
3093
4538
8672
9665
6240
1766
8151
8260
4096
5095
2901
7322
8228
8167
5402
5357
8579
5263
7673
8978
3129
6544
8629
2627
1268
1391
7318
3626
650
6207
8854
6946
41
2804
2093
531
2831
7073
5790
9581
7926
6043
6538
9280
4521
4006
9683
4095
8959
4395
6335
9392
6280
6557
4167
632
5610
5191
9360
6446
3159
6862
8031
1192
6049
224
9856
4227
4256
613
6487
202
7638
9926
2966
211
3947
9040
2550
418
4949
6853
8932
2032
1247
7166
1515
7762
2017
2657
493
6981
1318
4274
1482
5550
9428
5980
4040
2755
1288
228
5765
8453
8354
5427
9516
880
4663
2080
4967
1362
7759
2235
8864
2024
4100
933
6041
9027
2882
1315
741
9455
1140
3575
7658
9023
5603
5310
2423
8679
4969
9784
7782
2116
4103
2027
938
9231
3960
9727
9485
3176
138
8140
466
5420
5946
6605
2920
2938
2459
1022
768
9946
4279
5121
7959
3802
6305
1
4387
5776
9829
2274
6032
1415
3520
5342
5503
4213
7922
824
518
473
5480
8474
639
8681
4364
3801
8679
9406
3647
4785
6807
7865
335
1271
887
9704
7681
4591
2201
3559
6597
7049
8441
3529
9271
4081
5034
4078
5250
2133
2842
369
146
9980
8729
9700
1
5900
3038
2333
1320
2983
6478
4439
7933
370
2091
8443
5418
2089
3765
6112
6698
2366
8519
3862
7941
5611
4591
2412
5114
2809
941
1453
7855
964
5475
9025
8262
9235
7096
8074
5034
776
4834
3902
1482
9202
2028
3675
2398
4012
3255
434
3608
871
5702
512
5520
9965
3975
7064
7912
5729
8140
3186
9228
4437
8084
2994
190
7981
6876
2419
5098
3840
9617
3366
2120
8684
6606
6083
0
6380
8233
9240
276
1975
6920
8883
936
2530
7015
1588
1297
5833
726
1383
4857
162
673
5916
1
4964
4523
7570
9263
844
3305
9090
6945
4399
1766
4674
6030
4390
7412
1708
985
5345
5851
9753
1092
7820
4807
9283
4978
1612
6549
5416
7787
322
3489
47
7313
9714
1338
4130
8450
9348
6939
1552
8819
4797
7888
3133
7200
7179
8789
8237
6463
1020
5282
1256
999
4104
8895
5625
5883
5466
4018
6330
3484
2094
5650
3650
3293
815
6590
6526
7026
9252
5113
4546
5563
9508
8380
5024
4422
400
2644
6152
5584
1295
7198
4381
5505
9357
3093
1911
8559
1781
9047
6956
8018
4708
1390
7349
5708
5711
8064
6503
9969
1092
6605
6333
7174
4212
2966
9173
8813
4628
5807
8384
6569
5235
2429
7783
5124
8425
2435
3996
813
133
3116
6093
1271
7064
3905
9929
8473
398
5487
1030
7899
9357
6900
5866
76
9346
8879
2423
7568
5049
6341
813
8892
9908
6196
2995
8601
8121
815
2412
6868
3236
2027
3436
7471
2637
2179
1957
1241
6084
8620
807
9282
7750
6849
5946
5227
401
815
8172
4216
9203
3289
25
8546
2891
6050
4542
349
1726
6968
6561
21
9019
5765
8827
5615
6144
4021
2056
4165
6071
7589
48
9856
7396
453
5639
5508
8685
2885
6150
2913
9594
2117
7260
2935
3460
7395
2200
957
9637
1580
6649
2
3895
752
1386
5355
7474
3184
2749
7503
804
3687
3103
7627
2372
4752
6403
458
6229
1537
9098
4033
2259
8436
355
1080
817
6478
4953
974
313
2103
1425
8465
4237
426
7829
8277
9025
4483
6449
6335
9808
8373
3753
3418
648
2847
766
9336
5729
8216
4531
4434
3696
445
5917
7641
6627
174
614
4494
5841
8984
825
7714
6787
7479
5773
4328
4309
272
3854
1781
9647
1606
466
7220
6552
9997
8488
257
5665
6265
7508
2534
328
4081
9996
9377
7287
5795
1163
1229
4960
6419
8834
5397
6329
5783
1882
8833
737
9849
1685
2976
49
7703
5477
2133
6211
7540
951
8834
3575
4061
7841
4582
5355
4224
240
565
9764
3615
3460
1893
282
3997
9306
2663
7454
5475
7951
8617
737
4548
4627
8862
8178
8930
5198
7527
8864
9249
1879
8301
7727
8508
4736
7422
4904
3729
7794
2995
1920
3196
6799
8871
2626
5968
2412
167
0
2433
9075
5364
768
3947
5695
8220
3105
4819
1995
8945
3951
8118
8541
834
3476
6951
2281
3930
2283
9438
3987
9820
752
6600
4848
61
7163
9528
3746
7042
7724
5116
2015
8589
2656
8544
7310
6997
8004
793
6521
2583
3662
7926
5158
4676
5873
9465
2185
4398
5809
5145
429
5275
6536
3581
9671
8415
6975
7238
2508
9930
1428
193
313
3331
155
5073
9704
5438
798
5483
2526
9828
486
1063
8035
1166
6782
2
5711
7258
7305
9814
36
3309
4608
1609
2745
5070
253
5476
665
2451
4225
8892
1574
3021
8273
4478
3581
7897
4601
5366
1423
243
68
3431
3935
6810
3094
7952
9377
7926
7249
5249
7499
2365
9907
1757
2438
2512
4490
8545
643
6606
3755
6352
6059
1585
3808
694
1128
9123
5563
8068
7188
2622
6830
5362
5039
7042
7115
1091
8534
1544
3458
7463
4498
8294
5385
8145
6819
2355
4653
2543
6868
4859
6050
1703
21
5223
2963
9751
489
3172
1607
7101
2115
1686
9475
8897
6019
3990
1452
6796
8818
2711
3573
6895
4191
6109
1115
3346
7452
7777
3031
8239
2217
4591
6761
6547
9751
6321
2587
6913
7631
8729
6761
9135
2336
3774
6668
8389
3555
6406
5561
702
47
8365
2800
7706
9779
2084
5786
9918
6268
3575
4913
8929
3513
9750
8984
4817
9377
6812
4555
4903
7220
1595
6553
2983
3850
7082
8490
804
5250
2580
2152
5781
7744
1372
3440
4023
9677
159
4197
3474
9628
159
8146
4737
3675
1565
818
8088
6348
5089
7918
1181
2114
2155
8993
5618
3764
5556
4008
1315
1377
3742
928
6629
447
2900
623
4601
6466
1
2164
8093
8446
7015
6102
723
335
7313
1839
7426
8358
3162
14
6416
7279
1650
9766
4261
7538
3843
7001
373
4725
8494
3021
7302
2009
5155
8742
5546
2134
9621
364
2725
6114
607
320
6853
2598
6533
6779
4907
7377
1835
4786
7313
4010
3041
1047
9079
8333
4325
7010
5345
1468
9472
551
4719
45
2109
3540
4252
3653
6692
871
9727
1321
669
8806
759
7628
9612
1538
5583
212
447
2040
5250
9625
7514
4569
7490
9450
1173
6804
6830
4195
3422
4594
5118
6725
171
8144
9551
2830
5570
8075
4581
3468
2
6307
4431
8805
5380
7122
3821
8674
6514
3647
4328
7874
1552
3346
5937
3151
5372
5695
9006
5832
6161
8035
4599
7174
5233
3394
8316
3183
6493
2083
5308
8532
1377
3814
6762
144
9902
5383
6392
5187
8339
2570
5463
5565
8662
113
7199
5373
6172
6809
7597
9023
475
4912
9333
2720
8218
6951
4809
646
3133
2744
7808
5105
686
6794
3275
5579
4807
1995
759
5307
2345
5601
9264
794
724
1877
6929
8504
2823
3936
5492
7877
9673
799
8655
776
8193
5365
8860
7651
5304
1786
4020
8809
7518
9698
6105
355
4133
7186
6626
9938
8013
1197
1396
3615
9057
1431
7126
511
8979
9737
7539
1080
664
7178
7769
6045
4016
0
8388
2437
3874
2436
8390
1278
9065
1566
1743
2661
5103
1994
9604
5663
2725
8749
0
4461
4650
6536
4991
8910
2059
4947
5548
7789
6681
6493
8853
3174
3031
2249
3726
4434
7489
7392
2419
8325
3551
5859
9975
2526
2108
4850
7655
4169
9760
1933
369
8022
7660
1493
6877
4101
4215
4801
4551
9549
5997
4582
2794
6773
9416
314
9395
5271
6526
740
8687
7758
3851
5417
6019
1016
3147
6397
3337
1668
9239
6841
1127
6841
5059
7530
3623
1118
5128
5012
5371
4841
7305
6957
7148
3037
1854
615
2539
6491
1975
8078
8466
7965
7214
6963
7587
9874
8969
7043
9993
5794
9963
6111
9298
4158
2099
2644
3188
6947
3533
5835
2822
2999
2065
3721
3390
6530
1244
8299
361
2941
729
7261
6983
8185
6489
4463
2436
9426
2587
3030
3031
8895
733
3836
3917
7944
2685
2576
3188
4260
9045
4478
2396
4187
4744
8181
8568
3936
5810
7408
6495
9660
862
1944
6083
9559
8574
6116
8306
4504
9014
9089
9086
3342
7937
6756
9680
1181
6113
6273
3982
4901
582
7134
1915
8211
4834
6950
8149
1
4736
65
302
7438
2676
3589
4439
8085
8320
9574
9903
1470
633
1286
2860
3287
6661
9751
2399
5827
8315
1676
9839
6481
251
7427
6307
9077
4012
4604
5285
9884
8612
8557
6298
4378
2105
8927
8397
4364
5734
8847
7762
2576
1517
5319
6722
3694
5853
194
1612
4848
2333
9316
7093
6797
4446
4097
6961
4822
3306
7571
3205
1411
4957
2851
5090
724
7245
2472
3884
9687
3899
9790
8910
4099
5525
5577
430
8987
5576
4633
9297
3641
5695
7455
6594
3015
506
4537
7691
3392
4
9449
6078
9629
6294
7932
7937
1452
7333
4444
6798
7040
4504
3629
5872
4103
938
9755
4580
3605
4058
6367
6816
9791
8993
7579
486
6622
8764
9234
5077
2325
6454
8772
616
3782
3193
3093
5929
7916
7751
9528
2508
1053
3477
738
1029
1867
4127
6112
8049
4399
4457
6427
4173
6078
548
1487
1721
10
4682
0
9604
6116
5537
5351
4699
1502
9738
6816
4425
8211
2270
8274
3528
5631
5704
5548
1660
6142
8839
142
6170
2403
7206
9416
4625
1267
2105
6891
1189
3555
2560
1723
8795
852
2804
2176
1291
3999
6208
7427
7325
1389
3493
2621
3790
8550
1030
3741
6892
2358
4665
8701
1552
4981
2903
6569
3261
2661
1921
6371
2059
9137
6976
3406
3019
208
8318
8931
3392
58
9513
5179
3715
3403
5423
99
894
4369
6610
7405
7959
4232
5210
3155
4677
9052
3741
3857
332
9045
9848
9454
5526
5651
697
6787
9219
1342
6076
5527
6386
3140
6237
8539
2677
4036
6217
1676
4928
8852
790
7745
9268
3478
3011
8750
8764
1081
4120
5573
5271
2966
1777
3598
9376
7396
692
8103
5001
9713
667
2207
5131
9826
3244
3570
2927
7715
1318
5227
2583
5878
3429
5425
7713
9523
6878
7469
4535
5226
6426
5739
3948
4719
6460
6725
7452
4634
8228
2838
2242
7728
1497
4764
782
3193
2376
8998
7062
3367
4668
8698
1173
8252
1642
7926
3508
4290
8748
5435
3121
712
820
6943
9428
2590
7255
1031
5065
4127
9295
7991
3302
3228
8959
5662
4319
1439
6995
440
6246
8356
5427
7287
6820
23
8407
4678
9317
9407
1878
409
9997
2476
4614
5731
5925
3273
3390
5518
7205
346
5882
8172
7393
4500
4131
2632
2019
9966
3830
2725
5809
5668
1264
6965
343
4135
984
6318
6159
2480
5192
4799
1123
157
3497
8854
1031
8477
66
3065
5745
6769
341
2372
22
2735
726
4538
2376
50
3743
9676
1051
6588
1197
8907
2968
396
6515
5747
5707
4320
0
6222
3010
2279
4419
5704
3499
6001
1652
1235
1221
5427
5707
3633
5932
2231
3047
9245
4704
93
204
5931
3796
8987
3785
2757
857
6603
3171
9822
8760
1278
5601
2711
9840
4646
8758
8028
5737
571
9934
2879
4480
6358
6306
247
2487
5960
4224
2078
3282
7033
5547
1590
9100
3461
235
679
215
8902
1539
1590
702
6620
1403
6336
4569
8561
3642
1915
8406
4666
2795
8758
3102
5002
6007
6052
6459
4207
5177
1249
9820
5589
159
8093
452
6676
6648
6615
527
4623
6417
528
4809
3798
7210
666
8233
86
2619
8048
855
8505
9502
9732
1052
6983
4296
8515
4107
3759
7722
1252
1204
7119
4537
7922
8843
6294
8999
2504
9673
8758
3702
8801
5110
2438
171
9718
165
3873
6019
1819
5815
6588
7855
2759
6420
9885
9137
8017
5721
3810
0
3179
1
6076
9593
6443
4143
3307
7507
1868
2534
2941
5925
4182
7385
8038
634
3002
6854
671
2170
7444
8707
4182
536
8322
1748
4655
7595
908
9442
5354
5798
3836
6066
8943
9811
2874
5700
3722
3621
9863
3380
573
2935
6880
7634
25
2461
3191
6918
4134
1896
1332
100
8896
7965
1474
4692
1049
1417
3254
3185
2918
275
4168
9040
9033
7811
2411
3402
8952
2654
2371
9907
3133
6074
2385
7003
4208
2
8203
2264
8356
6752
424
6079
9537
9276
9480
1035
5014
6779
5471
2626
7991
6415
5414
9346
6523
6936
858
7582
5424
1765
1607
7030
4481
2084
5674
342
2254
3080
7073
3640
1847
9617
1409
2342
2
8884
7007
486
2985
6058
8186
593
6230
496
607
7994
4681
2174
3452
4256
3980
3872
777
2458
9006
9353
1261
3729
7295
452
4048
4058
3026
3555
6859
388
7821
4989
8612
30
5414
7924
7506
3337
8963
9251
2286
7103
3606
8105
2451
2013
9015
2688
7430
828
1171
5056
6882
6352
7054
2147
6644
7357
1895
8117
6015
3821
1316
4826
5190
5013
8888
9982
1582
8353
7921
3665
6666
5911
7909
9284
7194
1312
5349
2491
9860
1947
7472
5960
2061
6048
8764
7475
4642
3720
5698
5632
6929
5477
3905
8028
7589
9339
3669
8893
5222
4036
6929
7572
7978
1457
7402
1617
9802
6023
4444
4730
8359
4865
7934
4779
7580
9693
861
4469
106
3541
6634
1736
1668
1738
568
9452
5390
8103
8137
5803
7300
2124
8697
3342
9068
9294
9845
8233
9531
9707
154
340
8827
7933
7040
1010
8919
4421
8178
5694
4871
1289
5415
6518
2056
6275
6478
433
3389
9057
8080
5519
2592
2108
5134
4478
4186
8407
9246
1978
9219
7340
3391
9499
6738
9128
770
0
2637
9679
2234
4979
1220
4181
7583
8650
5823
5366
3702
887
9029
8420
5626
9637
2580
4151
4557
7478
6666
6704
1809
6441
7376
1221
8441
5334
3737
9938
4106
6186
2507
535
1431
5586
1669
854
1970
5904
3003
2185
6965
5373
5256
8504
5900
7720
9482
4091
1409
5955
7959
7587
8290
0
9551
3550
9052
3607
4090
3064
2169
5505
7516
4194
5102
5384
257
6908
9151
5199
2027
2638
4344
9860
8709
3381
8242
5854
9775
4469
3594
7013
2644
4205
5780
2835
2029
77
3046
9603
8741
8895
1907
1004
3891
1254
8757
251
7794
909
4101
6884
3227
6084
8895
4443
7164
3804
4740
317
3394
4239
9508
847
9417
595
8199
6812
820
7395
8195
3989
4989
6724
130
2667
7335
7988
3340
2529
6540
8918
9092
6895
1485
7287
2867
2309
3820
6387
3740
5482
1781
2345
3426
3061
2180
4512
3626
1970
2271
2058
424
1896
7282
923
3314
683
9207
4739
4357
2801
1221
4919
2653
5341
3628
7382
3041
4987
4514
5823
4563
5043
1759
7906
391
9974
1176
5302
3811
8278
9345
3198
8248
4207
5365
5397
294
5664
8046
772
9473
9285
4410
3383
8414
8946
762
318
7233
333
5401
5662
6527
224
1531
486
355
4571
7013
4045
3905
4639
6001
2433
7006
131
3944
145
3672
5366
3377
417
3406
4090
3129
5708
8738
2029
9391
6809
9914
4620
7197
8526
1767
7095
8441
9036
2994
6619
4043
8436
5838
7377
5417
1478
9610
2882
550
9545
3726
2189
1251
9760
93
4405
7810
7220
7834
2802
1360
9816
5885
1909
9683
5842
1842
2090
2744
991
7644
3288
7997
849
255
6158
2427
8130
1762
4886
4076
1488
7392
30
6624
531
590
7756
4058
7761
5943
9980
7887
6798
9732
2577
7745
6814
9083
5917
4849
9798
3348
451
3113
8757
1691
765
6467
5286
5588
3712
571
2905
1956
5320
2401
4083
1743
8027
1288
7900
5380
8251
6152
5146
697
5207
2735
3626
3050
5202
697
4095
6522
7744
779
9809
3604
5345
1965
9593
7116
2390
3620
8046
2003
9860
3337
7745
7766
5889
474
6747
2038
998
5495
3615
9957
8233
5482
2
6252
9748
8924
5476
5447
3975
6710
8416
9461
233
7197
943
6245
9958
2285
9889
9385
1410
8005
7810
8960
8864
8277
9361
8348
9596
4023
295
4967
4254
4678
7040
1
9187
1127
6950
3437
508
6202
4932
6631
5721
4649
5104
1899
7498
926
7074
2057
477
2530
8908
5001
8404
4878
2303
9661
7852
6341
4594
1950
4737
3392
5565
7871
6138
7542
9488
3288
5159
464
5600
5468
9822
7809
7452
1231
5685
8501
3789
9787
817
6691
9769
3780
3366
3854
6374
4904
3820
3131
4589
5553
7608
4698
5846
1125
9994
3970
5285
6476
2609
8674
396
1093
1384
627
2950
7682
4012
4203
129
7264
5386
8009
5668
3140
8959
3128
4353
897
7300
6650
2743
6084
7035
4575
6265
5603
4672
4003
683
3148
7238
5457
4253
6580
8984
6313
5576
3604
6509
9908
8408
3480
5086
9684
7801
2986
6232
6021
2579
5571
2119
6415
3029
6534
5172
8848
4866
2838
575
2677
4949
451
4687
3306
8789
3492
5611
5242
421
4372
3031
6575
3168
8979
3118
9722
4688
1524
7087
1890
3605
3399
9511
2209
572
1281
7270
5553
5662
7633
1566
7535
3458
7088
7958
7103
4410
4453
7560
7665
267
2623
1549
1249
1365
2771
0
2049
8380
1758
54
1080
1546
1992
2558
1959
1155
6349
8321
2215
4989
5787
4367
3024
2656
2128
8269
4457
7001
434
1522
2045
7891
5021
4917
355
2565
2663
8983
4058
3515
9408
7489
813
236
7076
2451
2856
5886
1686
1793
7930
5903
5775
7913
887
1289
4064
3180
5766
5464
7081
2432
8969
9721
6019
4878
7970
9617
4891
8446
7958
7859
367
946
6352
8834
5300
834
8945
3267
1748
9698
842
193
183
8220
7459
5310
5872
2152
5551
2342
3293
1931
1183
7387
3468
6950
9615
5092
1144
6958
5899
8246
4783
8748
6484
1463
9244
178
6059
3108
119
7784
1295
8799
8362
6085
692
318
8511
2163
1438
4081
2131
3030
118
8342
8765
605
5027
7013
5961
2831
4516
9862
8105
779
6271
3288
5770
9881
6402
1004
6763
7485
5665
5712
6182
2606
4538
8206
4097
3181
2983
1946
3347
4460
8244
5817
9372
8759
5480
819
8806
3629
8120
7873
2170
4045
5282
6043
1014
6594
9878
7008
7746
5230
3989
799
2558
4865
6806
599
8747
1784
7221
9659
3899
6140
7795
3493
2107
5692
1245
4728
1369
7109
9301
5914
4910
744
1882
5674
2252
3429
5065
1822
6696
6425
2208
2200
1702
6923
1322
8847
8505
5383
1842
9698
2800
5128
3311
6347
2588
9838
2662
2367
8417
1751
4622
1433
2286
8762
6711
6135
5624
614
4488
1543
1390
5193
1705
8258
8036
9284
9078
5464
3529
9356
6107
2902
8051
1927
9991
3313
4352
5692
1961
6092
7086
4889
5104
3019
8536
8699
543
1900
7956
19
141
6559
8598
2398
3049
6894
331
1610
8251
8149
9161
203
6098
381
4701
8260
7325
1718
1879
2480
7791
6763
7276
2590
4161
8738
861
5749
2224
5244
9785
9474
3905
5342
9500
4178
5405
8425
4897
9611
4780
4724
2105
3696
8414
4418
4794
7310
8569
8301
2838
8245
8143
6308
8201
5842
8201
6855
6050
5308
4303
6815
4364
9678
1686
7991
2793
2953
3861
8360
3803
8805
1435
4687
5214
236
1007
3841
3012
2835
3803
828
5559
2636
4913
4683
3178
3672
3131
5351
1374
3305
3643
831
395
7299
5626
9297
1878
7866
2932
2728
2985
1271
4144
5425
5754
7531
9039
6301
658
1801
2829
7773
8091
7121
4522
2216
5358
1283
172
8049
4002
3824
980
3594
5552
2260
5966
7151
5199
5543
5668
5749
8216
7071
999
1336
7110
5832
2624
5670
1324
100
2674
9151
2935
6490
6879
2032
7713
1445
383
9578
8722
2488
2647
7461
6526
4226
2508
3482
7423
2200
5631
2302
52
2252
6668
3727
4933
5480
6265
973
6018
9775
3288
7253
3964
974
8133
1272
8902
1981
4384
1934
7966
6357
9826
9512
9640
118
9870
3920
2429
9989
5440
4981
6925
7287
7781
7429
7506
5680
103
2512
7351
5388
5532
755
7453
2828
6088
9571
79
8243
2202
8545
2615
2199
4375
7360
0
8014
1429
525
4468
940
5773
8695
9314
9405
4422
3870
8211
2130
3506
5313
8112
7485
1670
2
1580
4508
9615
3529
8501
2749
1969
8417
4010
6261
3902
3211
7177
2610
3818
5955
9938
6579
9890
7105
5107
1923
7895
9547
1747
1842
9822
2660
5981
4218
6205
8318
5366
3805
1142
5163
3331
142
991
8858
4803
9180
5352
1078
371
1694
9278
8240
8675
9640
361
4146
4048
1565
7909
1299
4515
510
3698
5712
318
7574
9383
5358
8272
7389
2409
941
364
674
5507
8654
9335
6212
9285
8698
775
9572
492
5311
6099
2426
7393
2161
1966
4302
3066
6322
7506
3555
6184
1197
3548
1022
5038
5294
3680
6745
30
140
1822
6850
5597
8437
2620
4439
8036
1716
7751
2868
1517
1192
3466
9522
9991
1283
2446
1029
6340
9483
7579
3074
429
9249
5417
7000
5741
4229
1956
2225
9219
844
7015
409
447
5695
2014
4500
2
1828
4725
6089
4699
9889
6891
6061
9683
6763
7064
9047
5897
7720
9096
6848
6836
4065
3835
4752
7512
4511
5471
4135
7360
9884
6225
1316
5871
8284
2351
4921
4029
4252
9130
6402
5443
6103
2812
1293
9040
2790
742
7342
3441
7532
384
8362
3264
455
1757
7052
8945
3440
3147
5502
9128
1603
6030
981
3011
2638
1553
6986
2015
1614
10
149
9679
1407
4649
7296
205
8622
201
8496
9522
5650
3766
5551
7230
1528
1409
613
9539
1179
355
3939
1053
4043
7438
549
6211
6153
4526
7507
6814
2357
6761
2155
633
1761
2889
1350
320
1535
6181
3918
5436
898
8578
6906
6638
5914
7867
5415
5069
5932
3916
1807
778
1935
4021
1606
9660
7572
4909
7665
2645
5945
4880
981
8351
8526
7707
9683
4217
4228
8477
5376
876
8338
5754
28
5950
6000
6929
7904
5850
3678
538
314
1651
7840
44
8254
4542
3365
8756
3579
9883
2103
6651
8356
6648
7372
246
6381
6924
9380
8407
670
1364
9416
7274
7762
1651
3276
350
9203
7610
4242
8244
7769
2407
1564
3625
6083
4289
9884
5613
7037
763
5432
678
1639
943
1489
2556
862
3574
5447
1079
4667
8696
5155
6155
6349
1480
5242
2109
8494
6902
4530
5271
5345
8471
2105
4554
942
3712
2403
9358
5728
9376
5711
1458
5773
4319
2647
9809
0
5064
8600
8813
9308
253
6774
7572
9887
140
1562
4192
828
8912
7545
6991
5400
1275
5236
3569
9966
6595
3021
3316
1882
6576
7261
7699
6552
9268
7254
8290
7936
7067
4295
6368
5714
7073
9824
152
3548
5883
7037
7099
9096
2744
4122
3891
9284
4291
1652
9217
7856
615
5418
7035
4960
2056
7145
226
7571
7004
1176
5155
0
898
8617
4692
6615
815
4299
5660
3276
2954
5190
4333
3126
4768
683
424
4552
5513
8138
2822
4845
4062
6951
303
8743
7759
2653
8564
3966
1689
8224
8423
1370
5882
1777
3883
9976
3034
8065
8373
1319
5130
8963
6854
4891
7512
5788
5849
7948
4414
256
3920
2459
1439
1271
6638
7969
1823
7548
4237
15
4470
3868
2527
7239
4196
9406
8548
3777
5917
9544
7958
9933
2283
2846
805
1694
9534
8237
1927
318
1351
3790
2553
6463
5039
2976
5340
961
8673
8114
5445
5280
369
8612
709
5494
3620
3548
7745
4039
6946
710
2290
8032
2501
8614
38
4631
4002
7159
1581
5037
234
9101
4976
2686
3232
2325
2598
7685
6896
5114
8183
4260
9063
4264
8324
2059
445
2381
9052
2944
4119
4059
986
9355
7520
8437
7474
6583
3454
2529
9569
2991
6234
6250
8752
241
2325
5013
3487
2114
4407
6836
9902
1916
62
7002
1600
6058
9413
4973
4064
1856
2637
4705
655
8594
4
9826
2252
4064
8606
859
3551
7915
459
3642
8695
8992
6549
6849
6943
9680
7852
212
7517
4304
8348
8094
3496
6638
870
6644
5198
842
8942
4347
4500
2
4561
6282
1692
6074
6336
7516
7294
8493
1778
6149
927
7316
3996
6666
8504
3104
2622
1541
1838
9155
1701
6172
2319
9754
9483
7313
698
4194
6055
8173
6053
7791
522
5213
5174
841
4430
1450
9892
2355
9251
8516
3985
4954
4499
384
4431
6150
7545
5843
7948
9965
2391
2927
2052
1024
3181
5941
7684
6627
1
7674
7098
5084
5353
3892
7967
1033
6341
559
1
5606
6489
5043
892
6766
4553
833
6877
8053
916
7490
3798
7530
2
8649
6756
3390
567
5369
2
7715
3778
1882
5731
8437
3687
2487
3361
9670
1857
8089
2549
7506
5851
6742
918
1934
5006
8117
1761
7117
9152
5213
1525
1
7058
2773
5352
3289
2515
8689
2648
1155
3234
3965
8510
4907
2796
4563
6245
1637
4351
9868
2266
1417
7354
5342
892
7582
3917
2095
6996
5924
369
7594
9006
448
4069
820
2166
5659
2795
7217
1331
8135
1416
1175
81
3805
7884
6636
2515
832
4670
1532
9695
324
6065
3924
7288
8809
5442
1197
6665
5467
1978
5099
9327
2176
3466
4587
2977
607
6598
2580
5691
2237
9198
7673
4948
2188
2940
744
3481
8031
9615
262
5601
4964
6929
4858
9849
7065
5254
2736
7316
3989
3152
3173
2047
8118
4890
305
6354
8918
7026
7368
1873
1838
4403
7619
8475
3078
7830
8418
5829
4622
1531
7701
1617
2592
8171
2635
3881
887
3100
7641
9682
6443
8534
7217
8993
7743
9836
8172
7568
5611
7290
2321
369
4401
8087
2771
6656
5196
433
3589
467
5500
4831
132
3621
1136
529
9836
4621
6041
681
3658
3679
9965
671
4714
2880
3214
8328
1732
5903
3611
4387
7495
2250
253
7093
730
5997
1102
4481
9598
6226
8855
2209
552
7153
2105
882
9831
6846
219
3421
8199
4946
2851
1673
7335
4985
3774
1437
5857
4389
9514
3611
5987
3728
7163
2821
8203
9356
4338
9624
242
3702
4553
594
9257
4347
6252
5223
7726
3468
465
6082
8256
6354
8401
8921
9616
8384
0
4863
2191
7427
5307
6093
833
4275
7651
7320
2240
6583
3914
1004
5080
3358
3192
2304
6272
4626
700
3911
2985
2315
1294
9577
8012
6565
768
7671
770
6222
4101
6792
1019
4709
8384
4431
8373
2
5999
5384
2769
9278
3605
1605
9807
109
4326
4734
2232
5373
2088
4380
9705
9474
1183
3733
7424
2122
3717
8907
6367
2767
414
6997
1549
9895
1661
65
6434
6098
7511
423
3225
2886
3966
8262
6246
9502
7578
2159
7086
9023
6105
9820
4936
518
5354
1899
4436
8652
9625
4748
2110
3474
9643
5981
8659
8013
2185
6114
270
6383
1557
1488
6762
4501
5807
2464
6258
405
842
3603
203
5509
8605
281
6286
3685
8722
2895
6903
8603
3859
4801
6246
6307
5898
6681
2
4767
1169
5118
5931
7694
5048
4317
442
3193
837
821
7759
9687
4687
7874
7514
1920
9213
2365
4038
5481
5491
6668
770
5383
1778
679
9485
486
5903
5705
2255
6298
2254
4061
3275
2961
3957
3912
6937
9290
8647
5775
6323
7278
6547
4830
65
6446
2709
2012
913
4052
2247
296
5551
9225
2
2504
1080
1849
4649
674
7485
1603
5351
4717
4591
2196
7191
7734
9530
750
946
9652
940
2033
8241
3170
5895
4001
7095
6384
1755
2928
4003
7708
7074
6512
9318
8862
9122
4607
1800
5244
4556
7511
5254
7944
7474
9102
3349
765
1686
1900
9011
7443
2570
9194
791
3138
9929
6464
4349
3487
3808
503
1676
2567
3921
3115
1035
1181
8196
2061
675
9336
7393
515
4259
1081
7854
5600
6103
2185
1432
7254
4070
5790
145
2232
7877
3473
9538
3
9911
4616
7691
973
7331
1224
4096
2812
1494
683
2788
7003
7841
4237
9164
2224
2609
7437
6528
4076
739
1669
99
5104
8397
5479
8319
1969
7945
3549
935
1715
4160
6797
8932
7846
2712
152
3590
7906
6160
805
3194
3681
9089
4206
4247
7595
2384
4278
5266
4603
266
8595
1043
4095
9941
7377
5580
7458
8250
2941
7606
3492
8772
4957
3648
2713
6605
3576
9673
3218
6578
6268
5628
4250
1320
4594
5064
1691
4550
7001
2716
1944
5321
5941
4429
4347
3589
6419
2847
1554
7955
2622
5034
4803
2643
7297
3331
1387
7286
9340
271
9418
7991
3778
6624
6601
2517
9585
7066
3872
4040
7939
1849
5142
2097
3671
4807
312
432
8834
2616
706
9077
6602
1224
9151
1515
384
5645
7583
3143
2579
2078
974
7977
3147
9308
1628
2372
4274
9751
1369
2153
7324
9230
2312
1889
8365
8809
3308
1002
6535
7701
2802
966
7071
934
8729
308
1829
5694
4508
6719
1692
3224
8539
1090
7886
5046
257
3782
8946
6996
9128
6682
5180
2912
4143
3715
2147
8448
8339
9816
4388
5888
3040
9231
1488
946
8685
7114
8983
3540
9509
9648
847
3000
4084
5162
8517
1212
779
3654
9777
293
6415
9999
8180
8009
298
4196
5202
2534
9628
9472
4960
4358
5675
9513
5426
3229
6521
825
9960
2354
9037
4705
4192
4649
7037
5174
3392
3988
8708
2707
5888
918
5233
51
3828
7294
614
6243
4055
290
240
3401
1233
8186
1471
1897
8509
325
8316
2534
6174
4330
4262
4497
4086
4583
2950
730
6230
8945
7872
7389
6794
7524
2892
462
6069
2729
6296
5202
9437
644
4903
4823
5145
3221
6523
632
4300
1694
549
5447
3404
8180
2502
8214
2144
6331
5169
4091
1351
1229
9970
5700
2
2930
4605
8928
2344
4875
8575
6973
6307
8732
858
7081
1647
7420
7047
7744
8098
6145
212
3781
6574
6961
8932
6916
2502
5589
5701
2760
8866
5880
5700
466
7970
9473
173
882
5605
3639
235
6650
540
3925
3194
1288
2549
213
1897
3123
3868
21
7372
9499
3004
5228
1134
1063
8727
234
9372
1332
7715
8373
7431
7437
6380
2866
3121
9043
1014
779
7280
4178
843
7566
700
3884
868
7854
8925
1021
9824
6185
8668
2474
8646
5816
8598
834
1325
1423
8942
6940
5475
5678
2180
7740
3446
9127
1992
6403
7036
8010
1899
1493
487
8804
3268
1384
8576
6260
6141
4106
3999
3739
9558
4626
4710
2248
1878
9060
8241
7976
2107
9749
2601
316
1006
8609
1016
8388
8798
1747
4366
3860
7368
7635
725
2071
103
1457
8512
2950
7597
4133
904
6576
7525
2415
5553
1579
9645
5937
2709
6407
8954
819
4074
9131
8210
6232
6841
8227
4047
9538
7179
5751
3938
1807
3959
6406
4491
2926
4337
2263
3928
2651
1121
3984
7967
2090
5859
7379
2885
7708
9084
2
2607
586
28
5376
1025
2075
2024
7434
5467
8130
6012
5034
2248
7861
8734
2604
4603
1738
9025
8923
3779
453
8540
9925
7833
5663
6443
253
2280
7195
3140
6236
3205
1100
1855
1219
4274
6694
124
2478
4555
133
5395
5464
9155
3349
3607
2224
679
1122
3556
4295
5792
7272
4623
9482
3289
3805
5099
947
1715
4565
3938
3280
5480
2940
5236
4002
9488
189
9959
6785
7513
8042
1719
1552
6870
9028
8879
3859
1963
8383
266
8620
8925
1971
3186
2713
2575
8471
2355
4968
536
4530
5740
2737
1778
4532
2602
3066
9902
2275
3366
6266
4537
8813
3824
9246
5532
2840
1179
4831
3016
5626
2412
6798
4437
7508
7958
5010
1518
4551
2301
2886
1859
6454
8668
5194
2846
1085
9335
7139
7286
8515
56
9927
9472
4287
7946
7831
7864
7920
5904
8332
7166
5146
3045
9600
5884
1342
7078
4561
5047
8240
2983
4381
7727
3122
8467
2604
7654
4406
3121
9893
7474
2840
302
7065
2926
403
415
4718
9559
6222
5321
935
5763
5038
4125
2136
8015
9628
7872
2804
2176
9446
2824
3722
5708
6348
5645
6514
7909
8508
6983
159
9173
6883
2602
1716
3098
7017
9100
8067
8174
6707
9514
2753
3100
4004
4494
8752
8120
1434
8656
8075
8217
1539
7270
8864
5196
1329
1851
592
8517
1786
6939
5705
1350
7807
6099
9160
8199
7214
8784
1997
4060
7563
9765
5289
9821
7446
4884
2802
4131
9244
4339
489
6581
3935
4728
1640
2757
7819
9475
7725
1913
6248
8
8874
7393
172
6999
1994
909
6599
8128
1118
776
923
4242
6271
8895
1961
7712
282
7726
2206
9194
5669
1376
9723
1502
6368
5301
8986
7428
2281
2421
3419
246
8796
6603
5596
432
9037
5141
4683
7619
3823
1044
3947
8246
2170
1852
2094
5171
5678
9398
6600
8022
9643
8841
7086
9384
4559
243
6766
5816
3604
2154
8159
3838
9450
6459
1682
5766
2933
6291
7361
2000
4078
1755
541
6977
4386
4601
790
4823
61
9380
6965
4605
106
9612
288
5348
8085
1830
6784
3523
1425
8294
7794
1140
546
9584
4906
1142
9813
5162
6025
6982
2606
5633
7134
731
7827
1472
6260
4443
6748
246
2761
3177
4261
8654
1
2819
4568
749
158
1489
1386
8756
5121
1808
2111
1480
9161
3660
7239
8967
2550
8131
5114
7139
562
6333
4842
5981
8563
6649
744
8559
3346
1782
6405
1392
1310
5391
3921
415
6547
7912
4050
1703
4155
6380
1100
990
2309
3441
9641
2013
1984
1746
6298
5738
8740
1893
2461
9513
2683
7044
1763
4461
1364
2371
2836
3116
1
4088
675
3189
3973
387
5164
772
5651
4640
799
8323
3180
4070
5041
4134
7983
9981
1121
8001
2553
5371
9020
482
5691
4987
5311
2
2804
8821
686
4478
3948
8025
7474
1433
259
6392
9760
9711
7667
2440
7258
288
1676
9497
8550
3287
1655
2185
6015
3027
3432
5372
4353
1866
3564
4673
3306
6015
1323
766
2632
1475
628
6333
1294
2379
4010
7220
9760
9985
5862
896
8065
3301
1536
480
2442
3921
1609
2737
7061
1424
2025
2639
5837
8305
5635
7113
32
1870
6250
7087
2236
3096
7108
652
4481
6969
5364
2
4235
8702
952
2992
5956
2305
5583
783
6768
1268
8095
7238
5577
2701
4616
5238
4604
2225
9059
4265
5026
5269
5513
9620
211
3414
266
4043
763
7396
9000
5038
5913
4630
5313
8301
2702
9868
9723
6575
9006
2180
9243
512
9897
9667
2613
2542
1972
2725
6112
1129
1923
2263
837
2878
2259
6814
9970
2706
5633
440
7584
1191
6268
6948
9998
4599
1295
8307
7261
6721
4988
6033
655
7512
781
7615
9828
7640
9969
4753
3957
2090
6371
3419
2
9887
784
2773
3330
9043
8718
9568
2310
5990
489
9224
8314
895
8917
4066
4768
1259
9361
2105
1980
4539
7768
5065
2271
1350
863
2092
1401
7815
235
7563
465
3517
5027
7449
4891
1554
7194
3809
413
8245
3191
5326
418
3732
3686
9566
4421
6266
5846
1686
6620
6051
8739
2209
461
3854
2649
7062
9369
4093
9829
1429
9425
1764
1828
5130
4973
9366
8177
3451
1935
2919
303
4956
6894
6167
1372
1554
5236
4104
3982
2688
3107
3702
9405
5128
5123
8177
683
236
8508
5269
5196
7708
8895
6495
4616
2619
8715
7795
824
2375
5424
920
2728
3470
7218
471
8570
6850
6646
4373
3648
3447
3764
156
3181
3451
1852
9816
2934
7503
5763
5301
8156
4119
4738
5600
6999
1065
6495
6163
5056
8092
1398
4986
8850
3382
9004
4984
2951
8260
8810
2643
2681
4887
9124
8392
898
5127
5642
7124
2804
4889
5883
7583
4520
7219
3718
4423
765
5610
3855
4707
7294
9893
4163
3709
8814
4521
807
5050
9758
7651
78
6830
9415
5988
381
6629
1484
8000
3295
9120
1082
5214
8315
100
1961
7120
437
8860
4564
2971
5240
3377
1418
5092
9568
3216
5810
9522
3446
6830
1875
4726
9380
1238
2579
570
8701
1844
980
268
3228
7744
3396
682
9845
7912
349
2328
8742
7351
5916
1859
9284
9589
6092
3920
7829
436
2459
9938
5440
6538
3964
2971
7928
8130
7095
9330
5777
7446
7310
6708
6576
9934
7001
431
8553
5221
7579
7676
7726
7757
2231
1
6226
2434
7928
5073
9020
7641
6285
1479
6397
8465
5924
9975
3437
5823
2174
1072
1538
8498
3
8885
5423
0
9283
6420
2284
8803
4825
1662
1325
1095
6854
5329
5503
5261
2254
5904
6463
1007
1560
7049
6982
4297
7406
4782
6957
7647
6897
6134
629
6069
5880
9342
835
7774
6628
4687
18
5475
8010
5038
8629
2032
9132
2372
1831
5506
1033
4770
5683
6489
5718
2464
1536
4708
691
4554
8545
6909
6551
4566
2373
201
2642
5329
9066
3902
5507
1409
3687
4818
9049
5124
3303
6133
9435
1231
5126
2182
2
5268
596
4353
4212
2601
2445
4403
479
892
4511
7466
5301
9280
8239
3861
7056
5149
9569
2512
3859
6861
9737
905
8568
2158
7306
1140
4908
1745
1541
5501
9864
8560
7798
2849
3297
1703
3883
344
719
3121
8193
3511
9096
6272
2446
1878
3737
9837
2831
4750
7960
7518
9615
3513
3363
9878
6887
9020
9454
5128
5895
5329
796
5713
3939
4303
205
3057
3910
3468
9168
79
3820
6298
6211
23
8967
2089
813
1980
5282
3218
4783
1746
652
2038
5114
2277
7921
5851
5297
4734
7398
3012
364
3860
7033
9170
4736
8508
3626
6478
7635
471
5966
4238
8407
4340
7955
1539
4092
9215
2623
9437
8610
5219
1972
5937
4167
1757
5445
8231
7926
4358
8765
423
1121
8431
5645
4625
2676
3392
5677
7043
3468
2889
0
7544
8395
3232
7075
9989
5562
2344
4588
2898
9137
6796
9470
3443
1893
9032
4784
8389
2012
5118
1894
3678
4692
8425
3616
537
1399
4289
4184
7444
3335
5662
3850
4491
2539
5783
5907
9152
6791
314
6906
6415
6462
1682
1809
4359
4770
7565
6041
8275
6665
4725
8840
706
6976
4172
4165
561
1631
5831
6234
5931
8841
2488
938
3160
7317
6366
9309
7873
6196
7956
9244
5618
2309
2821
167
9363
6070
2222
9211
511
1913
9799
6847
2755
1138
2603
2159
9748
384
5762
517
3694
7379
4130
1482
4056
7540
7058
4739
4902
3591
1018
1063
3131
100
7924
3205
7430
897
989
1471
6601
5304
5292
8739
6069
2257
7473
8528
2932
4562
6934
1811
1345
3581
8748
9858
965
7738
7048
1765
2565
4020
100
9167
6040
7068
1296
9527
88
8388
9036
3380
9172
6833
8718
2700
1710
3760
7843
9990
3591
9548
3961
2567
4091
8096
8986
4823
1051
9703
6330
8461
8145
9159
5263
8272
7276
3990
2714
6791
1616
6644
7255
3095
1969
4731
9770
7236
6684
7837
561
1705
9554
3779
150
7918
2894
3600
1838
4564
6841
6031
1320
6058
6185
6919
2891
9079
7855
6978
18
797
8921
784
2814
8792
2018
7576
1787
2445
89
2355
3431
9202
4338
4504
6043
9883
8827
882
3146
8477
9132
2123
4953
8783
4325
5905
4414
2842
8192
5556
6661
3061
8145
9361
6725
5527
2405
1346
4502
6939
4327
3886
8092
9765
3345
3131
8514
3871
365
8848
1065
1
2724
7738
3074
8115
6682
876
3068
4695
7959
7802
7310
745
7532
1081
5707
3122
1546
7625
2080
2938
2059
8315
1221
9286
8741
1521
8036
1628
5236
4412
6782
4524
5467
4415
3143
285
1988
3917
3437
9531
4458
172
2061
453
9094
138
1501
1922
2368
1135
3642
3871
7327
9406
2472
7667
181
6104
9400
7386
4229
7907
4262
2944
1049
3402
1569
8441
6026
895
1388
8081
6859
1997
1465
976
3600
7320
2714
4306
7763
8201
4976
2039
833
8333
5045
4757
243
7074
6567
3574
5472
1060
9925
8282
7374
4131
357
5733
430
706
8420
7079
7918
8025
9668
2085
3892
9386
2965
6798
4883
9861
4566
8837
674
9548
5500
6903
2269
755
4344
5308
936
1286
3821
4119
5210
940
6680
2474
3423
1278
640
1870
2714
1431
7746
9423
1666
54
6780
6795
5652
1381
3024
4086
9161
3820
8633
5990
6104
4844
841
1468
3857
2351
7950
9369
2371
6859
247
194
8946
7984
7709
5380
1719
8549
835
5223
6181
2583
607
3961
7396
3089
6296
5369
1125
8511
2887
6542
3430
707
9980
8786
1318
5389
1
4093
7227
2718
9626
3541
5683
3554
5043
4807
6742
1861
9609
405
7901
8879
180
1986
7403
3959
8158
1740
7594
8239
6263
1230
5297
5884
4154
6445
2146
3401
5632
7782
0
9062
6950
3625
1045
2575
4929
2623
7863
9867
1382
2795
2581
5068
2631
3276
4982
460
445
3493
6484
4109
6445
4724
6524
2321
4094
4345
3921
1419
9931
3662
3224
6983
6127
2255
9696
8118
8894
8096
9011
6796
4666
3439
1182
7709
5207
9995
8369
4557
2795
3591
4667
6028
9487
8538
4170
6152
9459
6687
7812
4344
7402
3676
9908
807
831
2344
5285
907
9137
7773
5393
4500
9768
6957
0
7787
1338
1775
7068
3977
8824
5872
8600
5884
8353
3952
6433
3087
1790
36
2561
2812
9711
2293
6596
2632
7881
2
4019
4026
6328
6758
6870
5130
5174
9976
3682
3066
1639
5247
7747
3014
8992
163
2411
6359
6219
5325
442
6293
2103
9906
8115
8889
8982
2346
5149
3131
6052
2942
3097
9921
6417
6076
3345
7184
8032
7819
3717
6499
4366
5253
4303
5190
9970
8231
7881
2334
9240
774
0
3958
7258
6012
5832
7642
9246
9034
9068
7001
206
4081
9589
9391
7789
5573
1593
1915
9608
2
3365
4104
4698
6628
4445
7191
4167
3501
1332
1894
2507
1
4210
2635
41
2111
7827
9639
3782
5387
4383
14
6751
5893
9884
1435
5128
4128
5378
7714
7222
0
8096
3602
4905
628
4182
3528
1546
9583
9301
381
8653
2108
2178
8321
8924
9047
9748
4008
9508
8280
5625
257
456
3916
0
4542
2385
3942
257
1510
605
6961
4534
4527
2553
2671
4508
2910
5064
7958
1417
936
4696
7178
2304
1484
5381
5000
4146
194
7598
4533
8430
2399
9461
2060
5597
2582
876
2837
8776
5577
9151
5348
629
9101
2684
4588
4714
288
5747
4039
137
662
3720
7580
4718
3489
1061
7690
2993
7871
4154
1951
750
5457
8156
1569
8987
6519
729
3782
395
3041
7329
3722
6509
3877
7521
6216
5202
8946
7743
458
5863
7949
3702
5898
999
5691
8900
7048
617
1989
1581
5420
5311
21
296
9433
2816
8649
5866
715
7449
3467
4460
2900
9154
2827
7655
1137
6820
599
3777
2330
4608
2393
6259
1281
8196
7305
9820
7654
8068
7970
3262
1683
9863
139
727
2768
5044
9657
5613
5340
925
1450
9907
5334
3762
3905
817
5583
3440
5191
3835
5331
5939
5097
9091
5853
2440
5445
7629
15
4479
1574
8380
4548
6780
3379
4045
9229
4872
2588
41
657
9627
3163
688
1140
9345
9925
681
8754
5412
6636
5338
9816
7022
3803
8849
3911
4766
0
4673
1711
3802
8479
1293
7414
371
6567
1847
9889
7402
2866
6181
905
9358
8345
7617
447
2
9617
8267
1336
5062
8030
6455
1800
7505
210
9773
7494
7194
9253
7970
6735
4951
6639
5880
9406
5975
8061
2000
5970
1407
6345
8342
1582
1800
1
3141
5257
3856
3911
9407
1002
8143
6695
2923
936
2736
1345
316
4878
1650
3769
6251
8689
3287
1597
1990
9526
1
4296
5226
1231
3932
4396
9862
1134
709
248
6383
4354
6719
8483
9245
8709
923
8427
7342
7781
5849
1862
7264
8670
8610
203
1947
4437
26
6699
9264
8839
3864
4331
1541
7056
124
269
659
9244
904
2685
6112
7908
8271
4526
6136
7467
6460
2672
7703
1603
3536
4469
7382
4838
7933
2592
5498
8175
7251
3406
6285
2671
7427
7205
2727
3152
6313
1
9637
3581
2530
8118
7699
6858
1332
3936
9376
5526
4861
1093
486
0
2868
2071
3999
4165
6796
7594
2323
5245
5044
2981
103
1360
8246
8197
7231
5520
827
6430
4450
2558
4157
5046
7425
1068
4073
8330
3542
616
1732
822
358
5429
9057
2222
9210
3814
1659
5457
8665
7169
4791
5622
4361
1579
4595
4609
4767
4766
8925
6450
7001
7888
5199
1543
1617
9771
3593
9396
4589
9286
8929
6896
9308
8086
6158
3278
430
6533
7967
171
103
2574
5245
2449
4226
7606
8301
6656
723
8990
1474
9773
4499
99
2663
3207
527
6445
7077
8299
3268
6272
369
4954
8179
1170
8304
7332
9265
1798
2598
2645
2623
7918
9780
6108
8029
1022
5929
9102
4532
9120
714
2940
5189
4912
6421
8792
9727
8689
5349
7657
5338
7645
3344
84
9235
2721
5771
3423
3775
7715
2373
9308
7848
460
6145
1643
7519
7380
7999
8747
6572
9249
7239
8144
8633
5263
8532
3791
758
9265
4543
9619
8149
2926
1637
4388
4426
240
9591
1556
1814
6976
3900
2065
2933
8852
9586
957
6938
6629
7430
3519
5941
4206
8250
8387
8840
6103
1357
5586
3541
9860
7270
6694
6185
5543
3083
5308
9203
4727
2759
2031
203
8336
8309
4357
967
2032
8298
1294
4104
8086
4016
6347
5933
205
9781
9495
5047
8986
9186
1549
7532
2071
7987
4618
8305
5888
9664
6895
8036
5012
2735
3863
9057
3456
6794
4369
8328
8215
8540
248
179
7905
3290
6183
5349
8556
5496
4309
7771
575
1580
4970
5748
1329
6626
7493
4121
5853
1948
5565
4627
8081
5059
4135
9239
4006
1100
1359
5575
1801
8355
5410
6710
333
7307
5261
2673
4180
9060
827
5204
6555
10
2191
8746
7103
7071
9530
0
8887
3562
15
6645
9836
3558
4883
3790
1045
133
3672
2102
3926
8948
3781
7004
9603
1158
2556
9861
4219
8976
2601
3841
5114
3570
9377
8656
3495
8738
6759
1961
5865
1308
7257
6061
4802
8485
7563
8486
6291
713
2997
6796
201
9472
9376
4468
681
2779
3862
9820
2024
1967
5356
1018
9981
2501
8848
5929
8931
3857
1281
2947
1212
2133
171
1
5526
3182
2807
1726
3200
9897
2267
219
3530
6779
2587
7340
4029
3961
9941
599
4974
4696
6725
1569
8550
7318
1001
5381
9767
8110
1373
254
2462
8895
6019
834
8236
9643
1340
5361
1061
1766
1
7115
7148
2861
897
9933
5601
376
681
2547
3912
8921
239
7591
5685
5866
7617
8606
4553
6454
2369
1415
5554
3131
6326
6660
5990
187
7626
4021
9671
5099
8385
7867
9384
2563
7321
163
8813
1870
2903
2385
9507
6283
7429
5146
4987
1530
2459
4488
2748
5821
2022
8097
5463
2202
7130
2577
8750
8262
3303
8214
7121
8304
8373
111
9906
5950
9262
815
9340
4586
1787
6740
9822
9021
1854
5970
6734
5552
2698
3840
1154
1336
6246
1859
9890
660
9546
7159
4235
7054
7321
5602
1377
567
2111
2438
1137
6810
4552
8847
3422
7407
1376
2782
900
5700
6415
2281
314
4551
7711
2840
7470
4526
7969
1614
8918
4249
1997
4327
7155
3346
6182
9152
2632
4367
5175
3881
6210
298
5442
1264
6375
5842
2561
3224
8056
1285
604
1021
7863
1
2660
5418
7886
5752
1705
3905
6347
5282
1123
7199
2601
1488
9102
5536
3234
5092
3940
3452
5808
4513
9139
3141
3810
5348
8067
1582
6721
7719
6798
8549
3982
9989
3340
262
8754
2465
4964
2838
1921
1532
943
6965
7885
8681
2144
3223
2836
1460
1016
5352
8254
3901
8164
2165
9367
4916
8446
3129
4568
4400
9392
8871
1272
1964
2
3252
8015
6041
7655
1972
1318
5320
9396
9377
9829
7079
7489
6837
447
689
6489
2605
4409
9418
5015
4639
4779
6555
1257
8335
6255
867
6501
7213
5227
7969
5085
8435
3973
1424
3400
7750
2243
3629
5024
3821
8855
190
8290
9459
6994
6338
4410
9459
2479
6873
2144
6209
7453
4088
6106
1112
4423
9762
7167
9891
5518
9826
5702
1452
9460
704
7937
7470
5380
7634
5624
3189
1439
5259
5606
3453
5639
4356
3422
6098
6414
9067
4803
4095
6585
2729
1061
2138
5880
2838
1416
7396
8005
5970
5025
1226
1267
8810
5245
7255
8879
3278
7625
6105
7386
9475
1167
4909
1507
596
4562
6594
9379
1743
302
5275
4352
5712
6673
8644
3166
2264
212
5900
7056
2638
90
816
8237
6158
2506
249
5906
5999
3761
6742
2206
1356
2880
3912
6538
2891
415
2276
9700
6451
4421
3850
1612
6706
2059
6951
938
1980
9847
4206
8569
41
6255
2591
5243
5123
6871
6321
456
424
9673
9927
5380
7802
8780
2972
7398
5261
2807
2926
8401
731
5552
6900
5476
2076
7492
1788
9395
6479
3925
8989
2960
3655
8811
6076
940
6960
2087
7955
8298
4833
8600
9336
3249
1170
8436
1123
295
1865
3724
8
6335
575
9519
6105
4601
5308
215
1135
1721
9970
6801
5847
6548
9243
7890
9228
6870
3930
5110
6816
7794
5810
8027
5440
1465
8417
1738
3759
8559
5142
6529
5640
1842
3910
7061
1052
1
1571
8517
7305
7492
817
2828
6780
3760
5627
2647
80
4290
1010
5508
3626
6299
2581
1734
1457
8196
7352
8094
7885
2942
1417
2032
8427
3985
4634
7247
459
9325
9885
6287
7598
528
7167
206
490
1616
1431
7463
6282
1199
3540
4168
2702
8762
3187
6784
9446
960
4097
4192
1056
3413
6965
26
6444
1763
8465
7096
6597
4078
5426
5092
5268
1501
6164
5677
7384
1718
5731
3256
190
9595
6073
493
4140
1783
7732
1356
8291
6832
5172
8575
8729
3975
5190
1586
7536
5026
0
6128
9732
1696
432
7393
8081
3404
5861
6526
4542
2941
891
5718
2843
4367
2182
7103
681
8224
6896
4083
3246
7074
3740
694
9119
1095
9785
2224
4167
7535
7431
4074
2248
8549
560
1857
9044
8067
2645
7217
4331
3200
1176
3149
5285
3987
4347
4006
6301
4733
9704
3753
3540
6799
2312
7618
5157
4668
7967
1844
3196
7847
4634
8281
8580
5024
2891
9707
4823
2206
5772
1881
8309
6279
1588
9729
2511
473
5801
8769
5384
6430
9203
6424
9821
8649
7946
1590
2
4320
8448
4718
3947
633
4090
3185
3232
2986
5692
2342
6362
846
1647
7874
1362
1
353
372
4844
4762
7915
7107
9016
3190
7936
6761
2587
2667
6619
6600
2187
1580
3918
7797
3139
4797
6961
2236
6403
5087
5517
4048
1653
5454
4716
4964
4272
7754
5509
3755
3772
8834
4400
2015
5332
7335
5783
8612
7583
8857
1351
3717
7671
6158
9131
6949
1867
9555
9345
866
2896
2588
4437
1975
6925
80
854
8494
5500
1415
8007
4318
8022
7918
8965
5440
8417
1843
8062
3530
9011
6737
3178
9643
5334
8744
5284
6448
8669
3966
5501
7060
9610
2146
9383
8121
9770
776
6388
886
7246
1828
5880
1318
1894
1810
7644
2872
6282
887
7950
4875
1296
7402
8601
8583
846
205
9063
237
1047
3861
9179
5218
7299
7393
9616
5502
2316
9898
7769
5271
5961
8504
2943
7733
7463
0
4003
4826
4797
8627
5736
2480
4697
2350
3534
3005
8854
8520
8592
2968
9454
8933
144
7583
7582
6837
5062
9790
7634
8374
858
4134
4760
4535
4384
3398
2225
1072
5338
8566
3233
4509
7987
9309
3602
9330
2328
3101
6842
3174
8320
5437
8992
5189
9470
3801
8098
2138
6556
1239
3664
3407
4559
1000
897
52
9054
3121
9834
1771
4855
8406
7682
8236
1579
2796
6726
6456
7216
5223
5546
8132
6723
8855
4132
9574
5464
5292
2472
2983
2216
8596
1042
5086
8744
2107
6920
7919
1847
1339
9827
2740
7651
7490
5752
2415
7326
6064
3989
5196
1830
4895
5267
7595
1746
358
2018
9531
4555
2544
4559
2002
8840
3846
2898
3987
2995
2698
2739
3375
54
1021
3673
1405
7576
8097
8171
912
9276
1921
6481
9645
4801
377
9155
8760
3012
1524
8676
1127
9915
4249
4150
2465
9066
8884
5054
8095
2771
6348
3436
5126
7145
6778
5351
4833
1778
3196
8386
9700
2396
214
2690
2140
518
4994
9049
5541
8467
7736
863
5435
7897
6477
6711
2179
1575
3177
7495
5388
6453
5662
8679
9963
5038
3933
2255
9336
3107
6981
3704
1572
1267
4412
4186
4001
9152
1149
8144
4098
5113
1100
155
8862
5452
8521
122
1961
6053
448
4123
9997
2071
3727
4603
2695
10
4472
3151
1656
6739
5634
2885
6462
5047
7737
4047
1931
6849
9995
6350
9413
4450
7141
1486
8295
4098
8729
2215
8227
4773
7075
3019
5532
417
7703
5467
3395
5283
337
9998
9094
9550
5697
3867
9086
6287
3115
242
3728
7791
579
7356
9578
4173
7948
122
8250
9039
923
5988
9026
1905
2424
2620
6562
2804
5642
7326
2262
657
2715
9631
1597
5157
745
243
9792
6294
307
7467
8554
5105
7232
2699
9237
5426
1778
8385
3049
480
5134
3113
6991
4595
1721
7156
6059
981
4698
5392
8112
680
813
5628
2411
3214
1639
2146
5039
6636
6937
1667
3988
8473
7181
4330
3741
445
424
4738
3622
4893
6228
316
2345
2878
8750
3421
5007
3250
9400
7829
2952
737
1946
344
8852
9882
3055
8932
7276
5720
2576
3149
7047
957
147
8423
7641
1316
6338
1762
424
7777
570
2848
5031
9767
5766
5135
5518
1
3249
3131
4154
9249
9553
3207
4989
4746
5509
686
2619
600
592
7726
4151
6052
7981
7359
3452
2413
848
941
4382
5155
154
7716
8579
3265
5148
7033
8797
626
8390
9411
9836
5596
8849
5397
6665
7968
550
3192
3593
3153
141
4135
4206
4303
3755
4326
8624
2128
1913
8250
5604
2613
1415
8956
8004
1682
5308
8814
2800
8518
1352
941
6235
302
2657
6089
8604
6199
4407
7967
4140
8047
1616
3605
2472
236
5284
6019
5613
7970
216
8420
2832
8248
9334
4620
3640
1575
9858
4167
739
61
4950
9753
7311
7060
1004
5579
9808
584
9427
4229
5223
2452
9098
4889
4205
7209
3814
5401
1259
4444
9282
9561
3623
2187
6916
0
4531
9584
2080
3607
765
639
369
825
646
7308
3918
3613
9089
1352
8323
6134
4906
6519
1155
6361
6522
2628
2965
8882
2725
4295
3822
1
1669
6099
5303
4133
7486
9192
4168
6164
8694
6024
8380
3715
1803
3312
7675
725
7326
1569
1288
6508
2266
5418
903
5955
5097
223
7527
2793
1136
6601
8796
4593
7227
7840
3543
4591
1875
2798
8604
1714
633
1283
1479
2771
8326
8418
9950
580
9392
3476
5305
8532
8821
8792
5953
9822
7279
317
0
7284
738
8798
724
3726
5913
1028
8210
2902
4513
762
3359
1499
6113
4564
7647
5226
2688
7273
4825
9576
6394
4562
5099
2893
1532
8744
4501
6562
6707
3703
920
1334
384
5913
4378
1320
8142
2912
7466
1595
7196
1453
5211
6265
9924
3496
657
2323
6279
5817
4874
4002
3967
1922
1189
5623
776
7169
3474
4948
831
6101
6785
6864
7508
2126
4146
3577
8618
2153
5753
2123
4566
1435
6399
9903
3814
3850
1876
4505
3086
577
1697
1387
4008
3581
459
1715
2677
9861
9941
2402
2667
1249
9687
702
1833
2370
2946
7026
5107
2994
3206
9997
2716
7916
6371
5509
465
1028
4822
9155
4302
4875
5044
8357
5921
5402
8679
109
6078
3795
552
6459
7044
6605
5663
3069
3159
8582
3588
1088
2189
7574
9904
4673
5932
2232
7512
9539
5483
8256
1096
6457
1692
5178
3541
5145
3209
2340
1312
2880
4333
3192
1640
6479
1831
184
683
791
342
5513
3582
9203
7363
9179
7220
9328
8093
7338
4566
8474
3083
8485
1721
8904
1559
4593
5047
1466
5194
2696
9639
9647
3726
3012
8658
1532
9197
3477
271
3192
71
1487
7919
9636
2472
693
6907
6280
2718
2825
8401
7613
3439
859
7586
5194
7238
6601
6592
1062
1338
4577
3801
7733
6304
4901
9455
2271
2
456
5493
7208
9672
7372
6397
4864
9036
7808
2131
4527
3556
1126
2994
0
6301
7707
8789
1138
942
3381
2775
5427
1588
6197
3604
5945
4782
9595
8386
293
2709
5941
2279
2327
5918
2707
835
6877
1078
4623
5466
6336
9242
5247
369
4354
7146
5092
5296
204
9104
9507
4629
6226
2725
1010
982
8523
3936
101
7597
8504
2376
2054
3261
9914
9251
1628
1482
67
9094
1221
6953
5509
8419
2460
281
7427
7294
6540
1867
9186
8487
1242
726
6564
2924
4206
1074
2819
3577
1493
4538
3914
4593
5345
3860
8617
4421
5392
2461
3395
9478
3997
7475
1499
194
4697
6144
690
8734
4462
1929
1803
9677
8955
3710
3162
56
383
9385
5708
2303
1316
3896
9052
214
1820
6936
2684
7326
2550
5744
8195
4591
9110
5827
3591
9244
8305
9229
2992
8732
942
2855
4522
5980
7340
2055
1362
6501
9258
1164
8318
1453
7118
1640
8894
629
6277
5415
8781
6500
1271
4565
8459
4059
4482
150
318
7565
840
1540
7402
2624
9864
5784
5804
8143
7954
4120
9138
9029
7906
7299
5978
1250
8420
3253
7464
1812
7575
3896
8935
7044
3340
6296
2283
7109
1563
2336
2469
5853
9606
5584
4056
8420
9477
3037
5158
5012
8315
2942
4103
9245
5680
9677
1944
5562
2483
8636
2533
3843
1098
1997
5011
526
8723
1688
5822
4274
1245
4347
4211
7259
8683
4384
1149
828
3278
7474
6929
4253
7659
4682
4586
9720
8069
9911
8560
667
9366
350
1806
4119
2242
7870
5077
5478
8174
7233
799
8176
1356
9295
2152
6619
3708
1800
2764
4231
5898
3473
7153
7363
1751
1961
187
7739
3940
7871
4107
5261
5340
1559
5289
3487
4618
6738
8673
1392
8545
791
2213
8173
7780
530
5547
2793
3075
1061
4439
6532
5355
4825
9825
7235
6492
6309
2194
9119
2703
6734
4739
3508
4748
9392
4190
650
6182
9240
8887
6186
4490
3642
1466
1470
4463
6081
5569
4174
4971
3427
5932
2387
9549
8216
5664
6506
8061
9083
1769
7866
3642
5480
4838
4073
4077
4793
770
6230
7234
3736
1536
1549
9164
4228
7276
2350
4957
248
2802
9186
96
8116
2933
4902
7577
7208
2938
7994
6691
825
7420
6906
5039
5354
330
8351
2981
6292
1825
7522
5889
3854
9181
5651
272
5992
5408
7403
4439
3780
8552
54
2047
5289
7352
1540
3664
3312
2398
4827
7658
7074
8076
4912
4844
6987
4182
9888
5314
6296
4040
9522
270
4077
1343
8526
2334
4008
2826
6045
6574
9316
7976
4090
4460
7198
256
4305
3448
9909
1233
571
1359
598
3186
6487
5989
4328
1044
7247
8792
5403
9257
8687
6074
7745
2052
6605
7246
4205
1930
8332
3433
5643
5507
1992
3576
5156
7919
537
7596
1698
3038
907
4766
8181
1410
6725
7720
6292
8549
3010
6676
7157
5135
1952
5242
3424
6150
2891
3620
6222
7876
6829
9380
8952
4059
3328
7449
9753
1794
1061
7920
6434
8138
1574
1434
3140
232
9495
4873
7584
8467
8633
7968
4294
2505
8718
4460
358
6518
6378
7764
9645
8227
5271
1546
503
5965
9168
2527
9495
2657
8742
80
4965
8942
8576
4500
2141
49
130
8641
4567
6360
8385
2889
1017
4192
1332
5648
5148
1352
5537
4524
448
4481
3011
1650
2569
9599
7496
9860
349
7499
2403
2222
1154
9456
7986
9394
4450
304
1503
1316
2591
1535
7520
6096
8015
8062
7972
5906
8884
2449
3468
4390
7232
1806
4141
565
4121
5918
5267
2904
2137
3759
2221
6724
8348
4233
2920
7807
2384
6138
7733
5470
1055
982
5893
63
868
3667
9160
8998
9839
8801
5907
4951
4679
74
4516
6796
2483
9040
9511
6801
3885
