1000
1996
1997
1998
1551
640
703
1793
795
642
795
1279
620
253
338
938
439
554
1376
1776
988
502
1006
1547
1148
405
977
1522
963
1337
790
900
1555
1906
1637
1350
1748
611
1917
1190
716
1198
1430
1345
859
454
260
1372
158
1208
930
895
454
252
1286
408
652
1368
791
809
479
737
1917
535
1013
54
1555
795
1793
1240
1368
1372
1917
278
276
1751
561
621
303
743
1496
1776
774
1571
1054
1509
415
1793
463
1031
716
750
1555
241
1776
795
561
274
352
640
1256
1087
1917
405
981
795
127
1177
795
1012
303
1771
1917
1368
586
997
833
1993
1400
795
157
1806
1368
1652
183
303
1702
883
1087
1825
883
1906
517
915
1776
1917
1159
497
1702
1496
334
43
481
405
1198
1121
171
750
1917
1776
1555
1793
1776
152
1496
801
458
795
333
1498
1345
514
850
1793
1288
1054
1562
1732
963
795
750
1686
1329
1906
750
561
1822
795
1087
1639
1776
303
1904
833
1304
127
1917
883
1522
1129
827
109
1948
1184
611
1400
635
708
750
843
1444
525
886
1240
1979
801
307
1121
1917
106
1776
1833
1740
642
1906
333
883
565
971
833
1797
1662
1496
1536
105
803
907
1725
1430
1600
338
801
1372
1350
92
1742
1925
1289
866
650
1535
157
1216
1943
635
1990
548
1714
1270
1087
833
1496
620
1447
204
1822
1639
152
795
1368
481
617
1000
373
1430
750
611
754
1588
177
1105
157
141
1148
1496
127
1627
708
98
1822
1289
1271
1588
1822
602
1862
608
38
795
1714
1993
935
1430
1134
712
1522
1822
1917
1906
611
1776
1337
329
1965
1496
157
698
1261
127
945
1087
1087
833
1012
718
226
1812
1372
741
1040
1776
1990
1321
1162
1793
330
454
1031
1993
1193
481
1810
79
1776
642
634
338
123
750
329
1146
921
235
1002
1253
1605
1993
1793
1129
1665
163
1085
1917
1901
1887
1831
1555
1451
608
958
1304
833
1793
1732
1657
1564
1695
454
1597
795
1216
1602
1515
1496
1522
1934
642
1887
1776
727
405
1016
1776
1400
157
554
1002
698
1702
517
1801
1499
1748
988
1884
1368
1906
1054
127
988
1776
1079
738
1536
1776
708
1515
674
212
876
795
1031
1079
795
1782
640
716
303
1990
1944
1732
876
900
1917
1796
1555
795
1263
1822
795
954
1749
174
859
1562
1623
1496
329
1372
1496
1148
1087
827
1628
1368
127
1170
1372
447
833
1765
1702
473
640
1430
266
1225
900
617
481
1511
157
1887
1541
1535
1084
1917
1206
1496
642
1246
1343
157
1054
1129
1163
674
1368
1692
1079
1522
621
1087
338
1740
656
907
708
1990
1793
816
750
833
1588
1133
157
876
554
1000
1633
1068
157
561
454
795
611
413
1054
127
1430
1917
1562
266
223
779
741
158
1040
127
708
1776
1948
415
1965
971
171
1271
1906
565
843
935
1225
151
1496
907
1430
481
76
1592
833
479
1975
481
1652
1967
611
977
1776
674
454
586
750
1087
1194
1933
1065
329
752
1776
1079
801
424
1271
667
1702
750
1917
463
1917
1142
1551
795
1822
1547
303
1776
1990
1324
303
1610
1973
827
795
442
608
1368
1068
1793
1822
1547
1547
741
344
688
1272
826
1566
1714
1467
350
795
708
1973
445
795
1551
1115
827
266
833
1496
827
174
727
650
415
1105
561
1214
693
825
458
517
1328
307
1254
795
1430
971
795
38
1434
1372
479
1039
1843
158
750
1732
1129
611
1079
922
1592
1555
1146
795
1271
1047
565
333
1771
144
1917
418
1350
656
481
1375
958
1079
586
1054
1776
1121
1901
1430
1496
1563
1771
859
795
1793
1812
1148
1079
634
1957
274
1822
1585
280
127
883
1496
109
1177
795
988
1906
1555
1664
1496
177
157
1764
932
1523
922
750
1914
1168
957
1547
1368
1776
1496
278
1562
1040
977
481
642
513
922
634
1368
1496
719
795
1950
1702
1491
1776
833
586
481
795
1424
963
1702
1878
1990
1793
689
127
1372
303
1565
1148
157
1776
1793
157
174
498
635
1496
554
579
1522
1040
850
1725
190
31
963
1397
1822
1496
1776
900
795
226
527
525
1091
708
74
1528
907
1031
907
525
278
703
1007
561
484
1917
1684
1993
608
765
642
586
1129
1368
825
127
1430
615
1906
1087
1571
1496
1776
1986
1719
418
891
1061
727
1776
454
495
204
1551
833
901
973
1665
127
1496
1719
1400
1040
963
1349
981
1278
1627
333
1544
617
750
162
795
1906
338
127
1776
688
1776
688
1906
93
424
774
1793
820
1990
1770
774
826
1397
1776
824
795
662
157
586
886
1271
424
1430
1823
843
795
731
1020
981
1747
12
405
795
481
561
708
132
1403
795
708
602
1368
1782
43
693
795
708
481
1917
1054
554
109
1917
1496
870
1645
5
481
1965
1177
886
1906
527
1265
350
1496
206
883
481
863
1801
981
1393
1734
1103
750
433
1725
1547
1973
447
1768
935
1473
635
1376
157
1627
1394
833
1793
355
1406
743
611
141
815
127
1793
561
1148
1163
407
1906
1054
1372
667
795
656
92
1562
1087
911
1013
481
1776
1190
1496
1368
1491
803
1771
743
833
795
1350
1917
652
1562
1536
1129
1031
801
1973
833
891
1793
1938
454
475
869
1611
1547
127
833
963
1917
1350
932
963
750
645
458
1272
1436
385
1702
204
1340
685
795
230
833
750
405
1372
1952
1571
