1996
-1 -1 -1
1997 883 1998
174 1121 1997
642 31 1998
1776 642 1998
1496 1917 1997
1917 174 1997
635 1776 1998
1430 635 1998
-1 -1 -1
1496 1997 1996
586 1496 1996
1496 1887 454
513 1702 1997
907 795 1997
-1 -1 -1
741 12 454
481 907 1997
1372 303 1996
1547 1372 1996
127 1496 617
127 127 132
1793 1793 1793
405 1079 1998
1917 1917 174
1121 424 424
795 820 795
907 795 907
795 708 1996
1998 795 1996
-1 -1 -1
642 795 1998
1345 750 750
92 105 307
303 1368 1996
1496 611 617
611 611 1496
611 127 127
963 266 1368
1793 1627 1793
617 127 617
127 617 127
642 642 1776
640 642 1776
635 1639 1776
1639 1776 1776
152 1087 1087
921 157 157
1087 1793 1998
883 883 1998
-1 -1 -1
883 795 1998
405 405 1079
-1 -1 -1
1822 1121 439
333 333 333
333 333 333
479 795 795
795 479 479
795 824 820
1702 833 1997
454 741 454
1719 454 454
481 481 907
481 907 907
157 921 157
157 127 921
127 157 127
157 127 1996
127 1547 1996
517 517 157
517 157 1996
708 517 1996
708 716 517
708 517 708
517 74 517
642 642 31
76 642 642
-1 -1 -1
642 76 642
1496 554 5
554 554 5
554 554 554
554 554 274
1555 750 750
750 1345 750
565 963 963
565 565 963
1345 750 1345
1555 1555 750
750 1555 750
92 92 307
307 561 105
963 963 586
963 586 1996
561 963 1996
1372 1372 988
620 1368 303
1996 1368 561
98 1368 1368
-1 -1 -1
1368 98 1996
602 109 109
1368 307 561
105 307 307
307 561 561
303 109 930
303 303 981
303 303 303
621 303 602
303 303 109
611 127 127
127 127 921
38 1368 1368
303 988 981
266 1368 266
1368 1368 266
1368 38 266
38 1337 266
963 1337 38
1337 38 38
38 1337 1337
621 620 303
1372 1372 303
-1 -1 -1
127 127 132
127 127 132
1996 795 1496
338 127 127
127 127 338
127 338 338
127 329 132
329 333 127
333 329 333
127 338 127
642 79 642
642 642 642
43 642 1776
642 43 43
1776 43 1776
144 43 1776
640 43 1776
141 640 43
43 141 43
141 43 1776
1776 144 1776
141 1776 141
1776 141 144
640 344 642
1776 1776 141
1054 1430 1998
1430 1054 1054
1079 1776 1087
1085 152 1776
1085 1087 152
157 727 727
157 157 157
1996 795 127
1012 157 727
795 795 1776
698 1079 405
698 698 1079
859 163 795
795 1998 1998
-1 -1 -1
163 405 1998
163 407 405
743 415 418
900 454 454
454 900 454
900 454 1719
1917 1917 1822
1822 1129 1822
1917 174 174
1121 1997 1917
174 174 1121
174 174 1121
1121 174 1917
424 177 177
1121 177 424
177 1121 1121
-1 -1 -1
1917 424 177
1917 424 424
-1 -1 -1
442 1121 54
1121 442 1121
1121 442 1121
333 1496 333
-1 -1 -1
333 127 132
-1 -1 -1
479 481 479
481 479 481
479 479 795
479 479 481
463 463 454
481 278 481
481 481 1148
481 481 278
795 795 329
795 795 330
795 795 204
204 1776 1776
1776 1190 795
204 795 204
801 1776 1776
795 795 1190
795 795 1190
827 833 833
833 795 795
795 795 850
1702 833 1702
827 827 833
827 827 850
827 1214 850
833 827 833
795 479 795
479 795 1148
922 157 921
525 127 127
127 1551 127
708 716 708
230 708 708
708 223 226
223 708 708
223 235 708
935 795 548
708 935 938
795 935 708
935 548 708
-1 -1 -1
935 935 548
708 230 548
-1 -1 -1
223 708 708
554 554 274
554 1562 5
1917 1917 177
750 1917 1917
1917 1917 177
5 750 1917
750 241 750
241 1917 1917
241 1917 5
750 241 5
1562 274 1496
274 554 1496
554 274 274
1496 750 1555
1562 1496 1555
1496 1562 1496
1496 586 586
252 1496 586
-1 -1 -1
253 1571 1496
750 1496 1345
1496 1496 586
1496 1496 750
561 561 963
92 561 561
561 92 307
-1 -1 -1
963 266 963
266 1337 963
1337 266 266
963 561 1368
1496 1345 1345
1496 1496 1345
1496 1496 1345
1562 1562 1555
274 1562 274
1562 274 1562
554 1562 1562
1562 554 1496
481 1177 481
1159 278 1496
278 1159 481
1496 1159 481
280 481 481
481 1159 481
93 586 586
586 252 586
561 561 963
561 561 260
561 92 260
561 561 92
561 963 963
561 561 963
92 561 105
105 561 561
561 963 561
561 561 92
963 561 963
963 963 93
963 561 561
561 963 963
963 586 93
586 963 963
586 963 586
932 1372 1372
1368 620 1368
620 620 1368
1996 1372 1368
988 303 988
303 988 303
303 1372 988
1368 561 561
561 1368 266
307 1368 307
602 1368 1368
1368 307 1368
1368 1368 38
38 1368 38
1368 38 1368
1368 1368 1368
611 611 617
611 617 617
988 981 981
981 1368 981
1368 1368 981
1368 1368 266
1368 303 981
1368 1368 266
1368 1368 303
527 303 303
303 621 303
109 109 106
329 329 330
127 795 1496
795 329 795
329 329 333
334 329 329
329 1496 127
329 333 333
795 127 338
795 795 1105
338 338 127
1013 795 127
642 642 642
344 642 642
642 945 642
642 344 945
640 344 640
642 640 945
640 640 141
640 640 141
650 635 1430
1776 656 141
1793 1793 1031
1793 352 1087
350 352 1087
1087 1087 1793
1054 674 151
674 674 151
350 1087 693
-1 -1 -1
1793 688 688
1031 1793 1793
689 1087 1087
1793 689 1793
689 1793 1087
152 1776 152
152 1776 1776
1079 1776 152
1776 1085 1776
206 1776 1776
708 157 716
708 708 719
373 708 719
157 157 716
708 157 708
373 708 708
708 708 719
1012 1012 385
157 157 708
157 157 708
157 157 727
158 157 727
157 157 157
157 157 158
157 157 157
157 157 157
157 157 158
157 157 157
1012 158 727
158 1012 158
158 158 385
158 157 158
157 158 158
158 157 157
1012 1013 1012
1013 795 338
795 1013 795
727 795 727
795 795 727
795 737 795
1776 1776 795
1776 1776 640
1105 795 1776
795 1105 1105
405 698 405
405 408 405
407 405 405
408 405 407
163 795 1998
408 405 405
163 405 163
405 405 407
405 405 408
413 163 859
859 413 859
-1 -1 -1
405 163 859
1917 1906 1822
418 1917 424
415 415 415
-1 -1 -1
424 183 1917
415 418 418
741 454 454
454 741 741
743 743 418
1948 900 1719
177 1917 1121
424 415 415
424 418 415
424 424 424
418 424 424
1917 1917 415
171 1917 1917
1917 424 415
424 1917 1917
1496 1129 1822
-1 -1 -1
1129 1129 1115
1917 1917 418
1917 743 418
1134 750 750
1121 1822 1822
-1 -1 -1
-1 -1 -1
1822 1121 54
1121 1822 1997
1822 1129 1997
1822 1822 1129
-1 -1 -1
1129 445 1822
-1 -1 -1
-1 -1 -1
334 329 333
329 1496 333
329 334 329
1148 481 481
481 1496 278
458 454 1887
1887 454 454
454 463 454
454 1887 1884
1887 458 458
458 1887 1884
458 458 1884
1142 481 463
481 1719 454
481 481 1142
479 1148 481
1148 481 481
481 1148 1148
1148 479 1148
1148 481 1148
1148 1148 481
1496 791 790
-1 -1 -1
795 1776 204
1776 473 1776
204 795 795
795 475 795
204 204 1776
204 204 795
481 795 1148
481 481 479
795 1997 1496
795 801 795
809 1776 206
795 795 824
795 484 795
833 833 795
833 833 826
795 833 795
-1 -1 -1
795 859 162
795 795 162
833 497 833
497 876 876
497 833 876
833 886 1522
497 495 833
495 833 886
876 833 886
833 827 827
886 833 833
833 886 886
883 795 883
827 883 833
883 795 795
795 883 827
895 795 795
833 826 827
900 1948 1843
1948 900 900
900 900 900
1515 1702 513
514 1515 513
795 1702 1997
1702 513 513
1270 907 907
517 157 157
157 1996 708
922 157 157
922 157 157
922 922 157
525 1536 525
525 127 127
525 525 127
-1 -1 -1
127 1536 157
1551 1304 127
123 1372 303
527 303 527
932 127 1372
932 1551 127
932 932 1372
1551 1304 1551
716 535 716
708 535 716
716 708 716
708 535 708
708 935 708
708 708 517
517 708 517
74 708 517
708 74 708
157 157 727
708 157 157
157 708 708
235 226 226
708 226 235
226 708 708
795 708 795
642 795 642
795 795 548
642 795 795
554 554 554
554 1562 554
1562 5 1496
1324 1917 750
1917 1324 1917
-1 -1 -1
957 1496 1496
561 561 260
561 561 260
1996 1368 963
561 561 266
561 266 266
561 561 266
1496 977 963
565 565 565
1496 565 963
1496 1496 565
1350 971 971
1496 1496 333
1496 333 333
333 1496 127
127 1496 1496
1163 1163 1349
1605 1555 1555
1555 1605 1555
-1 -1 -1
481 579 481
1159 280 481
579 481 481
1159 579 481
-1 -1 -1
963 977 963
565 977 963
586 586 586
1496 1996 963
252 586 586
586 586 252
586 586 586
977 1496 586
586 977 586
977 586 586
977 586 963
977 977 963
1368 1372 1372
1372 932 1372
932 1372 1372
1368 1368 1372
127 1368 1372
127 1368 127
303 602 109
1368 1368 303
602 602 109
602 1368 602
981 1368 1368
981 981 988
1368 1340 1368
611 1368 127
1375 127 127
615 1375 127
1368 127 1496
611 611 997
611 617 617
617 611 615
617 611 127
617 127 127
1496 611 127
621 109 109
621 109 602
621 1368 303
303 602 1368
620 621 1368
621 621 620
109 621 621
795 795 330
795 1000 795
329 795 330
795 329 127
795 795 127
338 1006 338
338 1006 338
338 1013 338
338 338 127
1430 635 1430
1998 1430 1776
1430 1776 1776
635 634 634
1776 640 640
640 1776 945
945 642 1776
640 640 945
1998 1776 795
642 642 79
642 642 642
635 1639 635
635 645 635
645 635 1639
650 650 635
650 635 635
635 1430 1016
635 650 1016
1103 656 1776
656 640 141
656 656 141
656 656 640
640 141 1776
1430 1394 1776
1430 1430 634
1054 1054 1047
-1 -1 -1
350 662 1793
1793 350 693
1793 662 1793
352 1087 1087
1087 352 1087
667 667 1793
1998 1793 1054
1793 667 1998
-1 -1 -1
1054 1054 1047
1054 1054 1054
1430 1054 1430
-1 -1 -1
1054 1430 151
1087 1087 1087
1087 355 1087
1793 1793 1793
1793 688 1793
1068 1793 1793
689 1068 1793
1068 689 685
1793 1031 1793
1031 1793 1031
688 688 688
689 1793 689
1793 1793 685
1793 1793 688
1793 1087 1776
1793 1087 1087
-1 -1 -1
1793 693 1087
355 693 693
1087 1793 350
693 1793 1793
693 1087 1087
1087 693 355
698 1079 1079
405 1444 1079
1444 1079 698
1079 1444 1079
405 1444 698
1444 405 405
1040 1079 1087
1087 1776 688
1087 688 1087
688 1087 688
708 373 708
157 1996 795
157 708 157
708 708 157
373 708 708
716 157 517
716 716 517
-1 -1 -1
716 716 716
157 517 708
718 708 719
708 708 226
708 718 708
226 718 226
708 718 708
718 226 708
158 727 385
727 1012 385
727 158 727
795 727 727
1012 157 795
795 731 795
-1 -1 -1
1013 731 795
795 1013 1012
157 127 127
1375 127 127
1776 795 795
795 157 795
795 1776 1776
1776 1776 795
1776 1103 1400
1776 1105 1776
741 1496 12
454 1496 12
741 741 741
1917 415 418
743 415 743
743 415 415
415 743 1917
743 743 1917
1917 1473 1917
750 750 1833
5 1496 1917
1555 752 1555
1555 1555 750
750 752 750
750 1917 1917
1498 329 329
454 454 463
454 454 458
458 454 458
454 1142 463
1887 1887 458
1496 1887 1887
1887 458 1887
1146 795 795
795 795 1148
1148 1146 1148
1148 765 1148
1496 1496 790
1498 1496 329
329 1496 1496
1168 1776 1776
1657 1168 1776
1793 1628 1793
774 774 1628
1628 1793 1776
1793 774 1628
779 774 1776
779 774 774
1776 779 1776
1776 1782 774
795 204 795
795 475 204
475 795 795
774 1776 1776
1776 204 1776
1776 1657 1776
1657 1776 774
795 1177 1491
1177 1177 481
1177 481 481
791 1177 1496
1491 1177 1496
795 795 795
795 795 1491
795 1491 795
1998 1997 1996
795 795 795
204 795 795
795 795 795
801 803 795
801 801 795
795 1776 843
801 801 803
795 801 843
801 803 801
801 801 801
809 801 801
809 1776 1776
1776 1776 1793
1776 206 801
1776 1793 688
1776 1776 688
1776 801 1776
801 1776 801
-1 -1 -1
795 484 824
833 833 795
816 795 795
816 825 795
-1 -1 -1
816 1198 795
833 816 833
-1 -1 -1
825 825 795
795 825 820
795 816 820
833 827 827
883 833 795
827 826 826
826 827 827
833 833 826
826 833 826
833 833 826
883 1997 795
1079 795 795
405 1079 1079
795 1079 405
843 795 795
801 843 803
1776 843 1776
843 843 1776
843 801 1776
843 843 801
795 1776 1079
1216 795 795
795 1079 795
1079 795 843
843 795 795
795 843 843
850 795 850
827 1216 795
1214 850 850
1208 827 827
1208 795 1216
859 795 405
859 795 795
405 859 405
859 859 859
795 859 859
795 405 163
405 859 405
795 863 850
795 863 795
795 827 850
-1 -1 -1
870 1522 833
1522 883 883
1522 883 1997
833 1522 1997
1702 833 212
833 833 1522
833 870 833
212 833 833
1702 1702 795
1702 1702 514
-1 -1 -1
833 886 497
876 876 1240
876 498 886
876 497 876
886 876 886
497 876 886
883 883 502
795 1998 1997
883 883 502
891 886 886
833 891 1522
891 886 833
833 891 833
-1 -1 -1
891 891 886
1522 833 1225
833 833 795
833 833 895
833 833 1253
833 1256 795
900 1263 454
900 1263 900
1263 900 901
900 900 901
481 1263 454
1263 900 481
795 907 795
1702 795 795
795 1702 795
907 795 795
907 795 907
1997 481 795
1270 907 907
1279 833 833
-1 -1 -1
712 157 517
-1 -1 -1
157 1541 157
1289 525 525
1289 922 525
1289 922 922
915 1289 922
922 922 921
922 915 922
915 922 525
127 922 157
525 157 127
127 1547 1547
1547 1547 1547
1547 1304 1547
1372 527 123
1372 123 1372
109 930 106
303 930 621
303 109 621
1551 932 1372
1551 127 1372
932 1551 1551
1551 1551 1551
548 708 795
708 935 935
935 935 938
935 708 708
935 708 708
708 795 708
795 157 708
795 795 642
795 795 708
945 795 642
1776 795 642
795 1776 795
157 795 795
750 1324 750
1555 1555 750
1555 750 5
1562 1555 5
1564 750 750
253 1571 1571
1571 1329 1496
957 954 1496
-1 -1 -1
954 1496 1571
565 1496 977
565 958 565
958 565 1496
958 1496 958
958 1496 1496
1496 1996 1368
750 750 750
1917 750 750
750 1917 1917
1496 1917 1496
1350 1350 971
1163 1350 1496
971 973 971
973 1350 1496
973 1496 1496
1350 1496 1496
977 977 1496
-1 -1 -1
977 977 565
1496 586 963
1496 977 958
977 1496 1496
981 981 1368
988 1368 303
1368 981 1368
981 981 1368
981 988 1368
988 988 988
988 981 988
988 988 988
303 1372 1368
608 611 1368
611 1340 1368
1340 611 611
611 611 611
611 611 611
611 611 997
611 611 997
611 611 615
611 611 611
611 611 608
1002 1002 1000
1776 1002 795
473 1002 1776
1776 473 795
1007 1006 338
1007 338 338
338 1007 338
338 1007 338
338 338 338
1013 338 127
338 1013 1013
127 1013 127
1013 1013 1012
795 1013 157
795 127 157
635 634 635
635 635 1016
634 635 1430
642 1020 79
1020 642 642
-1 -1 -1
76 79 642
1776 656 656
656 1776 652
1776 656 1776
1394 1776 1776
1776 1397 652
1397 1776 1776
1397 652 652
1397 1397 652
1397 1397 1771
1627 1627 1793
1627 1430 1793
1397 1776 1771
1776 1397 1776
1430 1793 1031
1430 1031 1430
1054 1430 1430
1039 1054 1430
1054 1039 1054
1054 1054 1430
1998 1079 1087
1087 1040 1087
1040 1087 1087
1040 1040 1040
1040 1040 1087
1054 1054 1047
1054 1054 674
1054 667 1793
667 1054 1054
1054 674 1054
1652 674 674
1054 1652 674
1652 1054 1054
1054 1054 1054
1793 1430 1998
1039 1054 1054
1054 1039 1054
1054 1652 1054
1652 1652 1054
1652 1652 674
1061 1087 1087
703 703 1087
1061 703 1065
1087 1061 1087
1087 1061 1087
1061 703 1087
1793 1434 1793
1793 1068 1793
689 685 1793
1068 1793 1793
1793 1068 685
1068 1068 685
1793 1031 1031
1793 1031 1793
1079 843 1776
1079 1079 1079
1079 1079 843
1079 1776 1079
1079 1079 1776
795 1998 405
1087 1079 1079
1065 1087 1087
1040 703 1040
1084 1040 1040
1040 1079 1079
1776 1087 152
1087 1087 1776
1079 1776 1998
1087 1087 1087
1087 1087 1087
1085 1087 1087
157 795 727
1091 795 795
-1 -1 -1
795 1091 157
795 1776 737
1776 1776 737
1776 738 1776
795 1776 795
1776 795 1776
1103 1776 640
1103 1776 1776
1776 1103 738
656 1776 640
-1 -1 -1
1776 1000 795
1776 1000 1105
1000 1002 1000
1002 1000 1776
1000 1776 1776
795 1000 1000
1000 795 1105
1000 795 795
1822 1822 447
1822 447 447
447 1822 1129
-1 -1 -1
1473 1917 1917
1917 1822 1822
1917 1917 424
1917 1121 424
1917 1822 1997
741 1496 1496
1496 741 741
1496 741 454
433 1129 1129
1129 1129 1129
1129 433 1496
1496 1129 1496
1997 1496 1684
1129 1823 1129
1917 1917 743
754 1917 1917
752 752 750
750 1133 750
1133 752 750
1566 750 750
750 1566 750
454 454 1142
454 454 458
454 458 458
454 458 454
454 481 463
481 454 481
454 454 481
765 1146 1146
795 1271 1148
1146 795 1146
795 1271 481
1148 1148 1148
1148 1148 1148
1148 765 1148
1146 1148 1148
1148 1146 765
1177 1177 481
1496 1177 481
1177 1496 1496
1496 1496 276
1496 1159 276
1496 1496 481
1496 1990 1496
1990 1496 1496
1990 1496 1990
1496 1990 1906
1990 1163 1496
1496 1990 1496
1776 1436 1793
-1 -1 -1
1436 1776 1657
1170 779 1776
1776 1782 779
1776 1190 204
795 1190 795
1190 795 204
1190 1776 1776
795 1190 1190
795 795 795
1496 795 481
795 1177 795
795 795 795
484 795 795
481 795 795
795 815 795
815 795 484
803 843 795
1184 803 803
1184 843 795
843 1184 803
1193 795 1190
1193 801 795
1193 795 1776
1190 1193 1190
1776 1193 1776
801 795 1776
801 809 206
1194 801 809
-1 -1 -1
801 1194 801
816 833 795
1198 816 833
833 1198 833
1198 1198 795
1198 833 795
833 1254 1253
833 1254 833
1254 833 833
795 827 795
795 1206 795
827 1206 795
827 1206 827
1206 1208 827
1208 1216 827
-1 -1 -1
827 1216 827
1216 850 827
850 1216 1216
827 1208 795
795 1702 795
1702 1515 1702
1515 1515 514
1702 1515 514
1522 1225 883
1225 1522 1225
1225 883 883
-1 -1 -1
883 1522 833
883 1522 883
883 883 883
866 883 883
883 883 883
883 883 883
1522 1522 866
1522 883 866
883 1522 1522
1522 1522 870
1522 870 1522
1522 1522 1225
1522 891 1225
891 1522 886
886 1522 1522
833 498 876
-1 -1 -1
833 1240 833
876 1240 1240
833 1240 876
498 833 833
1240 833 498
827 833 827
833 827 833
833 833 827
833 1246 833
-1 -1 -1
833 1528 833
1254 1528 833
1528 833 833
795 1256 795
795 833 795
1256 795 795
895 1256 795
833 1256 895
833 1256 833
454 481 481
-1 -1 -1
481 1261 454
-1 -1 -1
481 1263 901
1265 481 481
1265 901 481
907 907 1270
481 907 907
907 907 907
1714 481 795
481 1271 481
1271 481 1148
1146 1271 1148
481 481 463
1278 1146 795
1271 1278 1271
795 1271 1146
795 833 1509
795 795 1509
795 1271 1271
1278 795 1271
795 1278 795
833 795 795
1279 795 833
157 127 157
1288 1541 157
157 1535 1725
157 922 525
1289 1289 922
-1 -1 -1
922 1289 157
1304 127 127
1547 127 1304
127 1547 1547
1372 1372 527
1372 1372 1547
1547 1547 1547
1372 1547 1547
1547 1547 1547
1547 1547 1547
1547 1372 1547
1547 1372 1372
127 1372 1547
1304 1304 1547
1551 1304 1304
1372 1304 1551
1304 1372 1372
303 1372 1372
1372 303 303
930 303 106
1372 303 1372
303 303 106
303 1372 303
1372 303 527
303 1372 1372
527 303 303
303 930 303
303 303 1372
303 303 930
1555 752 750
752 1321 1555
1555 1562 1555
750 1563 1917
1563 1917 1917
750 1563 1324
-1 -1 -1
1496 253 252
1571 1328 1496
-1 -1 -1
-1 -1 -1
963 1496 963
963 1496 1496
1496 963 963
963 1337 963
1337 963 963
38 963 266
1496 1496 1368
1340 1496 1368
1496 1368 611
1496 611 1496
971 1496 1496
1917 750 1496
1345 1343 750
1496 1343 750
1343 750 750
1350 1965 1965
1350 1965 1350
1350 1163 1350
1906 1496 1163
1163 1350 1349
1350 1965 1350
1965 1350 1588
1496 1592 1496
973 1592 1496
1592 971 1496
1917 1917 1662
278 278 276
278 1496 276
1887 1496 1887
278 1496 1496
1496 1887 1496
1600 1605 1555
1555 1600 1555
1368 988 1368
1368 1368 608
1368 1368 608
127 1496 1996
1372 988 988
988 1372 1368
1372 1372 988
127 1368 1996
1372 1372 1368
1368 1372 1368
1376 127 615
611 127 615
1611 608 611
608 127 611
608 1368 127
1368 608 1368
1776 1771 1771
1776 1776 1771
1776 1400 1776
1400 1776 1400
1771 1776 1776
1400 1771 1776
1776 1002 1776
1776 1776 1776
635 1637 1639
635 1637 635
1393 635 635
1393 1776 1776
1776 635 1776
1645 1776 1430
-1 -1 -1
1430 1645 1430
1776 1400 652
1400 1397 1771
1400 1400 1771
652 1776 1103
1403 1627 1627
1627 1403 1406
1776 1973 1627
1403 1776 1776
1973 1776 1776
1403 1973 1627
1973 1403 1776
1627 1993 1031
1793 1430 1054
1430 1793 1793
1793 667 1793
667 1793 1047
1793 1054 1047
350 1793 350
1793 350 1793
352 1793 1793
1793 352 350
1040 1040 1087
1040 1087 1998
1079 1040 1998
1084 1040 1079
1424 1084 1040
1040 1424 1040
1040 1040 1084
1040 1424 1040
1901 674 674
1652 1901 674
1430 1054 1430
1430 1430 1430
1998 1793 1776
634 1430 634
1430 1430 634
1793 1793 1793
1793 1793 1793
1436 1793 1793
1793 1776 1657
1031 1031 1793
1031 1793 1793
1031 1031 1793
1031 1993 1031
1031 1993 1031
1031 1993 1430
1993 1430 1430
405 1447 1079
1447 1079 1079
1447 1444 405
405 405 1079
1079 1447 1079
1087 1451 1087
1451 1087 1079
1079 152 1087
-1 -1 -1
1040 703 703
703 703 1065
703 1087 1065
703 1040 1079
1079 703 1079
1087 703 1079
1400 1103 652
1103 1400 738
1400 1400 652
738 1400 1400
1400 1400 1400
1917 1917 1906
1917 1917 1662
1812 1496 1496
1822 1822 1822
1496 1496 12
1496 1887 12
1496 1496 1887
171 1917 171
171 1473 1917
171 1917 1917
1917 171 1822
1825 1129 1129
-1 -1 -1
1129 1825 1129
-1 -1 -1
1129 1684 1997
1686 1665 743
1686 1917 1664
750 1133 1134
1133 750 750
1566 750 750
750 750 750
750 750 750
750 750 1566
1496 1491 791
1496 1491 1496
1491 1491 791
1177 1496 795
1491 1496 795
1496 1496 1496
1496 1496 1496
1496 1496 1498
1997 1996 795
795 1496 329
1496 329 329
1177 1496 790
1499 1177 1496
1177 1499 790
1499 1177 1177
1177 1499 1177
1990 1990 1496
1714 795 795
795 1702 1702
1702 1702 1702
1702 795 1509
1702 795 833
1702 1702 1509
1702 833 869
1702 1515 1702
-1 -1 -1
1511 1702 1702
514 1702 513
1515 1702 1702
1702 212 1702
1702 869 212
1522 1522 1522
1522 1522 1522
1522 1522 1522
883 1997 833
1240 833 1246
-1 -1 -1
1523 833 833
1523 1240 833
1246 1523 833
1523 833 833
1272 481 481
1272 481 1272
1272 481 481
1271 1272 1272
1535 1288 157
1288 1535 1535
157 1536 1725
1725 157 127
127 1536 127
1536 127 1725
1286 1725 1725
1725 1288 1725
1288 1725 157
-1 -1 -1
1725 1286 157
127 1725 1725
1547 1372 1547
1547 1372 1372
1372 1996 127
1372 1547 1547
1551 1551 1551
1551 1372 1551
1304 127 1372
1372 1551 1372
750 1555 750
-1 -1 -1
750 5 1496
1321 1555 1555
1562 1555 1562
1562 1562 1555
554 1562 1562
1562 554 554
1562 554 1562
1555 5 1496
750 1565 1917
1565 1563 750
750 750 1917
1565 750 750
-1 -1 -1
1565 1564 750
750 1565 750
1571 1328 1329
1328 1496 253
1571 1329 1571
1571 1571 1571
1588 1965 1965
1965 1588 1732
1965 1350 1965
1496 1350 1496
1917 1917 1906
1740 750 1917
1917 1740 1917
750 1740 750
1343 1585 750
1585 1343 1917
750 1585 750
1343 1917 750
1585 1917 1917
1906 1990 1906
1350 1906 1732
-1 -1 -1
1906 1350 1163
1592 973 971
971 1496 973
971 1592 971
1592 1592 971
1749 278 278
1749 278 278
1496 1810 1990
-1 -1 -1
-1 -1 -1
1602 1605 1555
1602 1555 1555
1562 1562 1555
1602 1562 1562
1562 1602 1562
1555 1602 1562
-1 -1 -1
1610 1368 1368
1368 1610 988
1368 1610 1368
988 1368 1368
611 611 608
611 611 608
611 1611 611
611 611 127
608 608 1368
608 608 1611
608 1368 1368
1368 608 608
608 608 608
608 1611 608
-1 -1 -1
1776 1623 1771
1771 1776 1764
1623 1771 1771
1776 1776 1764
1776 1776 1627
1776 1430 1793
1793 1776 1793
1776 1776 1628
1771 1770 1771
1633 1002 1002
1776 1633 1002
1002 1002 1776
1633 1776 1776
1776 1776 1776
1776 1776 1776
1639 635 635
1393 1639 635
635 1393 1776
1639 1639 1776
1637 1639 1639
1430 1973 1430
1973 1645 1430
1776 1973 1776
1430 1973 1776
1993 1031 1031
1993 1993 1031
674 1430 1430
1901 1430 674
1430 650 1430
650 1430 1016
1430 674 1054
1430 1430 1054
1430 1430 634
1793 1793 1434
1793 1793 1657
1793 1776 774
774 1793 774
1793 774 1793
1906 1906 1906
1917 1906 1906
1917 1665 1917
1665 1917 1662
1917 1665 1686
1686 1917 743
-1 -1 -1
1686 1665 1665
1906 1917 1906
1822 1812 1496
1496 1822 1496
1822 1467 1925
1822 1496 1496
1822 1496 1822
1467 1822 1822
1822 171 171
1822 1822 1115
171 1822 1822
1822 1129 1115
1129 1822 1129
1822 171 1822
1129 1822 1822
1496 454 481
1496 481 1997
1997 1496 1997
1917 1917 743
1917 743 743
1917 1917 1833
1686 1917 1917
750 1692 750
1692 750 750
1692 1134 750
750 750 1134
1496 1695 1496
1990 1695 1496
1496 1990 1162
1496 1695 1162
1695 1496 1496
1990 1990 1162
1990 1990 1162
1702 1702 1702
1702 1702 1702
1997 795 833
833 833 1522
1511 833 833
833 495 1522
495 833 833
833 1702 833
833 1511 1702
1702 833 1702
907 1714 795
1714 1714 795
907 1714 907
481 1714 907
907 481 795
1714 1714 481
1719 1948 1719
481 1719 481
481 1719 463
481 900 454
463 1719 454
911 157 157
157 1535 157
157 911 712
157 157 712
127 1286 157
1544 1725 1725
-1 -1 -1
1862 1555 750
1588 1906 1732
1917 1906 1917
1732 1965 1732
1496 1350 1906
1965 1732 1350
1740 1917 1740
1734 1917 1917
1740 1734 1740
1917 1734 1917
1734 1740 1917
1742 1740 1740
1917 1742 750
1917 1742 1917
750 1917 1833
750 1742 1833
1740 1742 750
1747 1906 1906
1747 1906 1906
1917 1906 1906
454 1496 278
1748 278 278
-1 -1 -1
1496 1597 1801
1496 1751 1496
1751 1801 1496
1376 1376 611
611 1376 611
1376 1376 1375
1376 127 1375
127 1376 127
1376 611 127
1776 1765 1764
1765 1776 1776
1765 1776 1776
1776 1765 1776
1765 1771 1776
1771 1771 1776
1768 1400 1771
-1 -1 -1
1771 1770 1400
1771 1771 1400
1771 1771 1400
1776 1400 1397
1771 1770 1771
1170 1776 1782
1776 1776 1782
1776 1776 1776
1998 1079 795
1776 1170 1776
1782 1776 1628
1782 1776 1776
774 1782 1628
1782 1782 774
1776 1628 774
1986 1973 1430
1993 1031 1031
1993 1993 1031
1993 1993 1031
1993 1993 1430
1993 1430 1430
1993 1993 1430
1430 1430 1901
1434 1793 1793
1793 1793 1434
1087 1776 1998
1793 1793 1793
1793 1793 1793
1810 1906 1990
1796 1906 1990
-1 -1 -1
1797 1796 1906
1796 1906 1906
1496 1597 1990
1801 1990 1496
1801 1801 1496
1990 1904 1906
1990 1904 1990
1917 1917 1906
1906 1806 1906
1812 1812 1906
1906 1812 1906
1812 1906 1496
-1 -1 -1
1822 1906 1496
1822 1906 1906
1812 1822 1906
1822 1822 1812
1906 1933 1917
1933 1906 1906
1822 1822 1496
1822 1822 1925
1822 1822 1496
1822 1822 1925
1129 1997 1496
1129 1684 1129
1129 1938 1684
1129 1129 1823
1129 1825 1129
1938 1129 1129
1934 1496 1684
-1 -1 -1
1831 1917 1917
750 1917 754
1831 750 1833
1917 1831 750
1831 750 750
-1 -1 -1
795 1271 1271
1271 795 795
1714 1271 795
1271 1272 1271
1272 1271 481
1271 481 481
1271 1714 481
1950 900 1948
1950 900 900
481 481 907
481 1719 481
1950 481 900
900 481 481
481 907 481
157 1536 1535
1535 1536 1535
1536 157 525
1536 157 157
1536 1536 525
1536 1536 1536
1536 1536 1535
1725 127 127
127 1725 1544
127 1547 127
127 127 1547
127 1544 127
1555 1555 750
1555 750 750
1555 750 750
1555 1555 750
1555 1555 1555
1555 1555 1555
1862 1555 1555
1906 1732 1732
1906 1906 1732
1906 1906 1917
1917 1906 1917
1906 1917 1496
1732 1906 1496
1906 1732 1732
-1 -1 -1
1732 1878 1732
1732 1496 1350
1878 1732 1732
1957 1350 1496
-1 -1 -1
1747 1906 1906
1906 1906 1588
1748 454 1887
1748 1748 454
-1 -1 -1
1496 1748 454
1748 1496 278
1749 1748 278
1748 1748 1749
1986 1973 1973
1973 1973 1776
1973 1973 1776
1430 634 1430
634 1430 1430
1430 634 1016
634 634 1016
634 1430 634
1901 1901 1652
1901 1430 1901
1430 674 1652
1430 1901 1430
1906 1797 1906
1906 1990 1797
1906 1906 1906
1822 1917 1496
1904 1906 1906
1797 1990 1990
1904 1990 1797
1990 1801 1990
1990 1904 1990
1906 1914 1906
1914 1906 1906
1917 1806 1906
1914 1906 1917
-1 -1 -1
1496 1822 1997
1806 1917 1917
1917 1917 1662
1917 1917 1662
1917 1806 1917
1822 1822 1925
1822 1822 1906
1822 1467 1822
1467 1822 1822
1906 1822 1822
1906 1822 1906
1917 1917 1665
1933 1917 1917
1665 1917 743
743 1917 1917
1917 1906 1917
1917 1906 1906
1496 1684 1938
1496 1496 454
1934 1496 1496
1496 1496 1129
1496 1684 1129
454 1496 454
1496 1496 454
1271 1944 1271
1714 1943 1714
1714 1271 1714
1943 1943 1271
1271 1943 1714
1948 1950 1843
1948 1948 1843
1719 481 900
-1 -1 -1
1948 481 900
1878 1952 1496
1496 1878 1732
1496 1952 1496
-1 -1 -1
1350 1732 1350
1957 1350 1350
1350 1496 971
1350 971 971
1350 1350 971
1732 1350 1350
1906 1588 1588
1906 1588 1906
1588 1965 1588
1588 1906 1588
1350 1588 1732
1588 1588 1965
1906 1747 1917
1967 1906 1747
1967 1917 1917
1906 1967 1917
1906 1967 1906
1973 1973 1406
1430 1627 1776
1973 1973 1986
1801 1801 1990
1990 1975 1801
1975 1990 1990
1944 1979 1271
1943 1271 1944
1979 1271 1271
1979 1271 1271
-1 -1 -1
1973 1627 1406
1627 1627 1406
1627 1993 1627
1627 1973 1430
-1 -1 -1
1975 1990 1990
1990 1975 1990
1810 1906 1496
1990 1990 1990
-1 -1 -1
1627 1430 1031
1993 1993 1430
1993 1993 1993
