1000
-2
0
0
806
308
774
361
826
2
409
491
476
372
828
404
295
747
917
802
446
126
482
572
673
2
250
1
728
286
153
426
355
791
243
688
949
584
509
948
131
761
2
197
432
502
75
937
635
441
180
99
366
850
849
102
906
873
716
898
632
546
351
415
945
295
885
956
586
408
435
316
221
773
666
949
394
480
0
614
1
722
741
999
936
870
560
150
325
326
415
337
65
888
151
168
728
372
100
148
368
2
565
349
109
176
794
685
570
312
394
382
1
476
724
298
976
963
55
1
270
147
786
475
836
573
1
2
551
347
126
688
276
641
740
422
532
491
387
250
157
875
865
102
921
663
524
824
296
9
91
930
662
377
532
964
620
287
214
301
42
712
751
18
240
930
707
419
755
9
564
954
999
297
636
931
678
670
802
255
704
77
575
1
359
517
134
899
373
1
441
283
865
856
265
814
916
518
885
659
379
693
892
538
280
104
616
295
884
49
299
146
483
399
172
812
1
728
627
182
526
296
138
961
616
856
769
752
453
344
335
154
56
654
623
982
571
713
215
41
463
849
428
288
745
330
257
141
225
100
807
885
77
863
38
638
745
674
0
443
879
639
832
878
179
169
517
134
281
663
503
304
875
581
812
184
820
404
0
427
693
141
492
571
112
643
357
454
425
645
345
257
854
550
131
899
1
61
746
193
133
454
273
979
609
383
24
458
444
711
411
127
115
939
867
766
935
735
44
516
80
575
424
575
2
66
548
410
116
857
259
949
8
519
212
534
482
937
550
734
644
494
766
574
921
65
327
86
188
954
2
152
101
664
461
824
689
674
517
25
681
966
488
654
740
564
153
970
949
599
610
707
160
0
26
779
8
325
674
801
24
534
148
519
460
882
342
478
118
0
367
685
35
398
353
112
893
164
274
577
2
659
906
226
759
0
712
475
125
892
257
963
478
628
837
212
871
70
666
242
746
136
456
37
834
643
66
458
295
726
999
773
743
349
942
403
746
301
631
705
272
309
610
6
394
681
209
70
295
994
650
729
425
414
930
511
682
502
823
1
563
9
376
849
240
478
185
670
273
375
202
907
240
227
638
273
881
0
264
2
218
77
440
956
90
722
225
871
731
838
448
264
955
637
556
739
538
707
261
342
991
119
174
79
939
36
349
396
0
227
111
372
394
766
299
317
378
478
307
486
546
456
614
890
217
978
288
834
25
377
245
294
881
666
656
41
541
8
794
491
272
902
889
122
172
926
816
381
41
44
167
907
943
964
791
774
338
91
947
674
18
836
599
323
125
173
978
813
958
87
604
686
757
589
180
832
688
173
109
121
665
682
368
663
193
69
733
310
303
46
0
438
212
802
985
843
264
533
757
97
870
878
579
295
94
444
188
189
728
682
438
580
663
378
745
653
332
0
610
551
489
984
388
12
205
807
412
291
683
847
286
67
307
539
164
520
515
888
297
347
298
863
713
627
636
852
864
525
930
527
821
332
704
778
836
435
98
458
397
138
726
784
83
845
1
547
263
949
564
953
7
428
732
282
932
411
334
683
96
254
470
725
929
826
435
883
532
761
19
213
888
170
467
509
471
403
307
966
641
490
147
795
372
974
56
399
79
329
510
2
784
725
783
1
693
675
703
153
486
107
760
988
716
179
921
850
532
7
708
816
137
435
244
67
127
956
46
124
169
329
693
795
968
494
1
408
2
221
888
135
294
815
580
849
105
2
0
844
278
716
319
656
877
314
77
444
460
409
404
360
1
88
533
200
949
478
482
501
847
567
1
789
285
932
257
885
962
258
847
397
508
298
757
481
12
683
18
789
456
422
608
5
460
830
325
955
253
359
311
426
812
170
105
794
865
906
708
167
34
258
599
919
105
909
794
134
826
2
526
945
734
377
310
332
592
935
755
268
442
346
761
417
953
133
189
80
403
847
857
896
0
0
976
280
144
534
188
670
104
939
331
103
213
609
379
118
656
75
766
105
911
645
276
283
307
442
399
896
581
867
900
147
2
372
480
465
372
182
263
372
329
637
106
479
778
46
458
930
303
830
215
141
7
666
398
704
483
381
995
638
507
507
319
188
953
404
978
243
274
742
789
263
360
6
943
919
798
683
179
686
507
323
616
852
688
349
32
881
0
2
603
927
223
888
248
240
503
686
574
857
897
121
891
104
844
134
218
503
979
71
80
689
471
779
453
528
919
538
749
162
779
803
287
563
265
910
788
608
27
295
232
631
977
90
745
376
900
795
612
563
425
69
733
625
245
176
197
726
446
746
372
