1000
-1.5 -1.5
-1.5 3
3 -1.5
-0.4986630272104653 -0.5436965435092236
0.27959168251818567 -0.6997792228164823
0.8773579169873744 -0.039592560404660526
0.36792848176453363 -0.18910993054709802
0.7909106051826327 0.4500851518618374
0.3644132174519896 -0.9064854767146613
0.10331183745664596 -0.7740680028388662
0.30410036270362717 0.6556874857795496
-0.778283413692312 -0.5542870615092275
-0.9696044111178537 -0.0032515173566816102
-0.11445261376737159 -0.3078119897742264
-0.0787084261227684 -0.9809553878159203
-0.6664807772619745 0.6803876144516965
-0.8789429720292312 0.2746300997845421
-0.22996594109699497 -0.30051488396734416
0.46517922296223424 0.0463994922655977
-0.5002888149033065 -0.4059640383342775
0.7259263910354987 0.641555313622866
-0.10759553201494043 -0.2769850832770657
-0.5560871214521763 -0.7152449547224986
0.16420264716775734 0.485995741124301
0.958070122672916 0.27052046023164955
-0.76104793684207 -0.05547286484125524
0.6193783313686547 0.7785924441446102
-0.5877804104496815 -0.10993418053779469
-0.5383481939649573 -0.19758291016112972
0.039723158429920025 0.1741097315933824
-0.0022206170824718985 0.8830654315967021
-0.7769172243793836 0.24949702911542815
-0.34717882764522456 0.518408546064218
0.6456955945074385 -0.6716394883021342
-0.22828507982290414 0.09788697150383663
-0.01294610384336714 0.48044231159669404
-0.3037811364877787 -0.2426792628526082
-0.7018035493994668 0.4524395061779014
0.2814005776440236 0.059952907061092686
-0.15719207884859232 -0.784945117284245
0.3277509832044332 0.2913888017173929
0.7884506599937855 -0.6132147610974161
-0.7776216056777923 0.07829514023602813
0.849998384068738 0.4205079283185389
-0.15421875229585558 0.8073675643791771
-0.724227258089646 -0.23065886431596327
-0.5802536066686803 -0.7325106490891435
-0.11828454773841846 -0.4440942819642244
0.55610356725017 0.39190174821123613
-0.6362960225611822 -0.5970520989300354
0.32304775085517656 0.4021299547427484
0.025465304205131822 0.5065396943256917
-0.9433617901121456 -0.014259106277753508
-0.37451155924902313 -0.8880139308737904
0.8510295501140692 0.328443320199965
0.2717543501603348 -0.5490666482607962
-0.35774004542160975 -0.443721501700846
0.04798082836415385 0.1391678959770799
0.5132511134266793 0.09882479367529706
0.15948402156116415 0.28796552881338755
0.14576376497331012 -0.531770254130975
-0.395442901024051 0.48112386817237773
-0.11502421231518345 -0.7815162550952979
-0.11659158746359544 -0.37930738771240735
-0.6856133356018539 0.6833615628960841
-0.8543213372118756 0.16058722245490586
0.06798582697386557 -0.20894027440712648
0.4917018581051873 -0.1239131383967218
0.4255530708223221 0.5119261263352046
-0.4151763676333011 -0.1916293217645888
-0.5436623456480445 -0.5412158782151066
-0.5121412557214953 0.09556338120608832
0.038904829059584145 0.3885723840396855
0.04063879604553011 0.37281833817244947
-0.08393219420114284 0.40324495721894027
-0.7122016845914783 -0.30261872214660634
-0.7405067554061904 -0.5474559419027505
-0.7593100148584828 -0.6307485167143689
-0.5232563409189666 0.5346512348745054
-0.24250247613167275 0.9340975630199551
0.4363948046422219 -0.5083703498801919
0.2897601438091373 -0.09011429184216269
-0.9507896872505344 0.026337437206722214
0.8063595297293145 -0.4213664621586417
0.3046915507708501 0.6793818363306354
-0.535063915429187 0.5816950114779782
0.6972964559100838 -0.2183454676040686
-0.0042532937530519455 0.6185287691832317
0.5366309213998894 -0.2753843315238844
-0.12849769225806917 -0.7666350698147721
-0.45444846760546787 0.21719115379837572
-0.7704204898657878 0.17635002441383252
-0.8157808059406315 0.48251971242165514
0.19057099887596762 -0.11026117465563146
0.12995480526964243 -0.6370251435727994
-0.6611732099360776 -0.22273246751364595
-0.8814933087304131 0.2033465168633679
0.9022450389783208 -0.1990667179021406
0.317388101609017 -0.6434949768981215
0.29306092689405316 0.44901747866235575
0.9716199182708514 -0.1324253908581403
-0.514559533317587 0.6374337932832741
0.8918017577845183 0.3959378651544021
-0.5808139978902727 -0.374888440674666
0.4885172179653561 0.20312300875024825
-0.170391883438612 -0.10555246722650868
0.06701293058408186 0.24079111511958184
0.13949418541568037 0.10644631140673555
-0.10725716974261057 -0.43498257316614364
-0.6674408702145196 -0.4178581864263733
0.22441566367572086 -0.3737376943317783
-0.819496458508765 0.5484082833511712
-0.7726786338703517 -0.5171867479522552
-0.8662381756555848 -0.0624683196158633
-0.2728317743582138 -0.24512131873078213
0.5133497932033364 0.47597522268293724
0.6353797126082732 -0.3118202221832107
0.23744868280484055 -0.48842907405351066
0.24177644996016734 0.9663881054082821
-0.14472991794288448 -0.5137074301390099
-0.2853289081225816 0.32388882537670294
-0.46624388725630017 -0.3131590176328942
0.8071959219116285 -0.4377882643913398
-0.61119305995583 0.48323000615849443
-0.5834549579737878 -0.5563520840535201
0.40126682617906684 0.9010324243690111
0.7283411333302054 0.6730021859681605
0.634865771269163 -0.11900232007858857
-0.3825843532902544 0.7853778351656062
0.6985560715099639 0.6437515726838083
-0.22731733495219708 0.23253471363213007
-0.15482288236391661 -0.8524862914278066
-0.22814390887282388 -0.6425938339411319
0.28483045613228364 0.0024959577782601716
-0.5075957053099522 0.39419140160862365
0.053971698565443926 0.35562355905374887
0.4258318285820597 0.5629526679054784
0.29576289796312016 0.8203155986970305
-0.6761869979916075 0.012367606805016473
-0.0323092245211869 0.011039592912071239
0.39812548858246055 -0.8033101154596698
0.10340407132503793 0.7098496370055483
0.8370147677406881 0.345150229481209
0.34276884000300356 0.30421203286031373
-0.6433561755022232 0.6120501063195716
-0.4906439481024556 0.6595400823634001
-0.4877892831161228 0.322366250258838
-0.30318668002730975 0.3510657472950989
0.22332745307774515 -0.690435148646948
-0.7498870286942123 0.23115670282067047
0.73722936146809 -0.2474123541650799
0.20185298475183688 -0.17968673290890047
0.758983785691369 0.07153790103797952
0.004603201295266146 0.2056766255651965
0.5136358589931531 0.15036068274179848
0.013631170140419036 0.516004209248164
0.05932213551273624 0.06708742530729861
-0.10245979397469585 -0.007203588109634174
-0.03348758840681554 0.07467218105444706
-0.6394209282253278 0.04566353785384791
0.3084780586179996 0.8727248033825727
0.630973394089321 0.3957158656633122
0.4656546511087849 -0.0317665144441579
-0.2626105957106062 -0.853076992690224
0.7662085328728387 -0.3312179806800424
-0.8564357444954267 0.25188130216680227
-0.41405656554932424 0.03749905280933086
-0.8301337791932923 -0.18115311160011127
0.15080392348951754 -0.6602268945005059
-0.6418816403695604 0.2807842534370939
-0.4207821200916697 0.3928083594657683
-0.945324289318509 0.0354283290846078
-0.3664548583506204 0.11784610076160762
-0.7339146498236904 0.4204617526912995
-0.8048580897631377 -0.2303314142660342
-0.207613665107667 0.576158357993058
0.5403993232217994 0.30023203613988936
0.5572745428268686 -0.03579398573772141
0.6375098483592938 -0.6765602332228
0.5079916135793978 -0.6779035524122434
-0.673392076772436 -0.630791763502148
-0.1644674268744466 0.25298751550911946
0.5106715793042753 0.84977346240693
-0.5115079789499875 -0.6049427797359299
-0.22052580207124306 -0.4746377424632995
-0.47546122234503074 0.37632891397734825
0.6516478414073417 0.6347794648175391
0.5503763213433166 0.6935511233162206
-0.48515954349307666 0.8435868859312381
0.5107825887094248 0.3968709300538451
-0.7071963214545751 -0.4708303431623635
0.0324609142536596 0.8026851736551883
0.49103624123830425 0.19966895137953888
-0.26448433818084505 -0.34199183865940186
0.2034506020564848 -0.4919762762120037
0.5810950968750344 -0.6198520178154168
-0.09469416405178288 -0.7040361214232462
-0.8236753118922397 0.09370473497427212
0.6466776446534739 0.23493982110618394
0.8508158131988679 0.24204188468314047
-0.22959130861557075 -0.7206631711688261
0.5206685792219004 0.5523401512907102
0.41966175537288897 0.49277755551825053
0.1683372269786707 0.6720326170890845
0.48288119055299106 0.17054091066259636
-0.8297847283623396 -0.4047549252975122
-0.6599594800901809 0.6729740771808634
-0.3514883977283776 0.29273176908956455
-0.6202228232579943 -0.5452944396018353
0.16099041976838535 -0.08703837479632881
-0.44099838593305085 0.32147654189584496
-0.3596507985453925 0.2835615961863198
0.36980035038446446 -0.8674314965824335
-0.3328867437341534 0.12293316448740566
-0.1473558599016327 -0.02717210914432866
0.6585877967780422 0.7506077050435125
-0.6335274612486317 -0.056195872655148804
-0.25717231677405894 -0.021702257667693736
0.45786823813616806 0.7772607595494367
-0.16689262044743458 0.34458653896339375
-0.33155713781888996 0.3460891649793647
-0.6146079989137565 0.02714477926299219
-0.3086639874020334 -0.7290012024293422
-0.8507249699487809 -0.35016075138002334
0.5306653150471725 0.17988904023492336
0.13324280593359195 0.9294733106864568
-0.3457039549528287 -0.8217117814347512
0.7409124435347916 -0.33837293577284333
-0.7849156491485556 0.22574023392476628
-0.11619846224776009 -0.2877465305697853
0.47335643162845376 0.10806023984088409
-0.43049917071988597 -0.4091460327673275
-0.35289377180468007 -0.005767801068127021
-0.7743510618399954 -0.30143448646029913
-0.394850052821043 0.2910586111897775
-0.2999244882049783 0.5775934898181938
-0.2194921178936744 -0.6696616249429048
0.6298610743370678 0.7643870834360262
0.7736009679725924 -0.6244476024108703
-0.270669573142005 -0.7787731916435545
-0.25175534801138344 -0.8483109136628335
0.6289064281423631 0.3879587966018254
0.16696737768199466 0.6727846053930486
0.6878847485149844 -0.668833016688088
-0.12971122321876516 0.3531269791371703
0.030067054689581374 -0.9116113898379932
0.14544108662796584 0.6922484621484128
0.1474883486269456 0.8563472469136424
0.9295666135074083 -0.13492664909143892
0.43017529077654904 0.3296103884392654
-0.7994542867669607 -0.018833566618887465
-0.7733825913641421 -0.5871878159665136
0.8314211761665897 0.23877878949295273
0.2332625289723953 0.03170175877626602
-0.33357349158833505 0.6453156989782198
0.6733049957990014 -0.6910740486844249
0.7820259863586994 0.08065181542478794
0.08519130204250946 -0.994435893169151
-0.591305375557442 -0.31391827919845294
0.09759017889672283 0.5890994946197283
-0.18558522595533966 -0.2180255370835611
0.08267453873093333 -0.2745748189049413
-0.08491150390396718 -0.7103449097746473
0.5087293757382794 -0.5927847471350283
-0.6221095500271898 0.2511799028860662
-0.25436457798345935 -0.43004977238619535
-0.4980677545313006 0.3816822455692743
-0.2470100292755415 0.10164363066964444
-0.6865862787283052 0.5664524568192255
0.06385593520292221 -0.289178279904033
-0.09400562463346573 -0.5145684607356431
0.4628672968476961 -0.7443522566754488
0.20161959729910772 0.4618054912505951
-0.14252632825483946 0.018704151766354205
-0.18438826971737576 -0.4237447779506367
0.33146102947780554 -0.3101958702913248
-0.11298197338380889 -0.9446001041461676
-0.8470212672666433 -0.5276417223219949
-0.48386056802647026 0.7014311421986621
-0.19929746129327142 -0.7119558446075627
0.13697993977118994 0.6579720013191697
-0.32624718023856225 0.10781249327179188
-0.28933753784274785 0.5311533193761901
-0.7321702234172753 -0.49909433969355277
-0.7573541264787331 0.31139681056606516
-0.30752345142361337 -0.3958740918315815
-0.5259556932207801 -0.23583609963766317
0.09328253229436778 -0.02056888146154412
0.18985037040958397 0.7221715990440642
0.48257951839357993 -0.36193087603770646
-0.019953651083313595 -0.9604107834620192
0.6924032409136567 -0.5168814883092654
-0.6108952744193807 0.2278678895484909
-0.188574708867836 -0.8039875933052878
0.584269151644373 0.6823852583528673
-0.6441560068988665 0.7424691043075762
-0.3441008718278995 0.42758715371508926
-0.42219245673987316 0.04543959079452642
-0.25220609715465026 -0.2825861755926107
0.2090844891764363 -0.029299813762791116
-0.5595318470047432 -0.20006551413044504
-0.05481843533263997 0.05010772582267409
-0.2868523801669536 0.07235630646601598
-0.20017526841981192 0.5888120320690584
-0.007148508439668078 -0.5724061148147692
0.954303970855497 0.21285840403166767
-0.05025542031647201 0.9371071283577082
-0.35288901519179383 -0.603490945715419
0.24471953065704222 -0.7433902669508261
0.8807130319528069 0.0711320679512153
0.5706101045057175 -0.07657145472349636
0.5007984609545246 0.44845846267009026
-0.0017673863479954477 -0.45661008810441395
-0.017732903485484508 -0.743431708260756
-0.0038500581090255004 -0.7874942924974597
-0.19641281062426486 0.4446247269443395
-0.5600713271118185 -0.6181377562204098
-0.1745371004869487 0.7325670022947433
0.9224487336607761 -0.08958198215289737
0.43245439265368146 -0.48739330761870536
-0.10922783646770307 0.17212818248628747
-0.7159529624369843 0.2711534662546595
-0.080557829925894 0.14850882961178713
0.9478103567261882 -0.3087771683100424
0.029015159851369487 -0.0891137646611384
-0.0671985388301064 0.6751051695420436
0.6134043361475827 -0.27622502958702544
0.5424438428602776 -0.3258719970023558
0.4166608706988757 0.108022247369018
0.10671496205398379 0.5205387343165213
-0.1555299904130989 0.3976134577378818
0.244013881747011 -0.9118074692981846
0.11815690462004547 -0.3868361268815248
0.27489999393515085 -0.8183878688058348
0.720366171830956 -0.5376594990721455
-0.10671482444252955 -0.26910768894657733
-0.6341475585147416 -0.7436740898209409
-0.5368831939237084 0.22597230058272855
-0.031616128021720424 -0.1243798480495657
0.20298473736714628 0.4863133634490966
-0.18289885115880078 -0.5796754067697176
-0.0038889244909203757 -0.7988213500480101
0.12813799857929808 -0.21938506762609356
0.387782105179582 0.39553333400748425
-0.7875979985585073 0.21214002909766183
0.5180499457569059 -0.3304334211483544
0.6537983806079068 -0.20111108261557464
-0.3994774407011019 0.7834030918808637
-0.4008163631717008 0.4352444186629729
0.8802377399932872 0.466101510739408
0.6228435289861773 0.002204300169457829
-0.43508564692178275 0.5487134933465816
0.7468035183293615 -0.5140087125086568
-0.04976789941141524 0.5252018048925315
-0.47409280330246917 0.3534553305873185
-0.7990854687195301 0.30039703109861793
0.8350602127463003 0.0645373243942573
-0.2890125074187342 -0.41647807106130097
-0.6765042881656524 -0.005304490211980761
-0.46018705311584807 -0.6853124716848149
0.35893516671384385 0.4565363091661405
0.45481301473163227 -0.21649973575655257
-0.35624146745013086 0.011800730345877808
0.3859564021927935 -0.027883404211100915
-0.6247299458317728 0.34524136648360515
-0.03919508846360431 0.16494698146980302
0.01687613867221227 0.558293164788928
-0.13378260543224862 0.39562043882966447
0.32221868329511283 0.49847814711626537
0.5726260894227453 0.412718618907143
-0.8193588711931172 0.25229083715080325
0.3313328504337887 0.8440917419450087
-0.9511828131560716 0.19749908355178536
0.5620824709029779 0.7004408268932989
-0.2691260132288742 0.8974778978010471
0.35854264422323134 -0.9006480768975622
-0.09261493583196256 0.6097072389562883
0.7331590878627681 0.17690197186114487
0.01818326699200523 -0.5506906059240073
0.9164280510095826 0.2951885926474349
0.7166439338307933 -0.6160213218140393
0.22029254590968916 -0.6005962585395823
0.19235193764389624 -0.4064502282086795
0.019187859822122233 -0.632366002637111
-0.8867603022575992 0.27055566719502466
0.11359209196740405 -0.1907925572088387
0.9536941850177381 0.20363131294279313
0.2570521737814919 0.9116802456300919
-0.17548552142178386 -0.9732736579454426
-0.09580120378582735 0.34970323681648074
0.040346412504127516 0.20812074262751712
0.01087286414335753 0.452331829562697
-0.5156028829695118 -0.35913758698300136
0.011171297007659176 0.5103930803605177
-0.7169928679805873 -0.42220802525425283
-0.23155417273395362 0.2887713887246115
0.7755926009040117 -0.37853798749720236
-0.1556044983267888 -0.36899818157668385
-0.5486134453079108 -0.3863919937009952
0.5898564332282816 -0.8013010183226259
0.7572609683852196 0.23876553292458347
0.19625936367874375 -0.5224893405663664
-0.30458899944608575 -0.7639476961478191
0.28568385728264145 -0.32128999235293576
-0.08344535124227037 -0.9857953637946644
0.3408339943791887 0.8820376830416234
0.8083403260666477 -0.4919572016268303
0.44598192806444437 0.8372287729564758
0.46766789399038156 0.5403511371536862
0.0705938429602877 -0.8802566973296491
0.6330561995812123 -0.29400214303574623
0.9287482364043427 0.11858407521852876
0.21741335681967322 0.09162195205380286
0.21397037062451751 -0.10632532760685609
0.35397493592611595 -0.7750002888316201
-0.11779648630312134 -0.7973620027872483
-0.5468990727644436 -0.4610203304993843
-0.05716497706147661 0.2953566989442671
0.1824463022169025 0.6713749709445804
-0.45758003403648795 -0.008437820279932673
0.4338813775160417 0.5415073648411617
0.024800517863648563 0.8495355940900893
-0.6368443887135347 0.42689401110112657
-0.16781341694719565 0.3462814986630782
-0.7331885407765273 0.29114550760764235
0.06484078401229754 -0.09390494616345801
-0.01477409803894969 0.904977664249716
-0.5452073230122143 0.7214565726988922
0.6809871353247103 0.3715937640144813
-0.9420445275220972 0.044420778709444164
0.010213873823124109 0.4457131354147825
-0.7668587551225674 0.5824652680880589
0.8268890977276107 0.4540216244460693
-0.867637994588899 0.2786666925116692
0.25722979095399223 -0.33221191578685927
-0.46778371856029 -0.07221662364698123
-0.03009978681377823 0.010673017639064586
-0.42234523707917293 -0.44726820113674903
-0.2360227441954792 0.7601404700397247
0.15050817173185038 0.43020153734304944
0.821685969168559 0.023076782258079742
0.5365371792599298 0.4385339100399439
0.29743044936485674 -0.12795767057949248
-0.6645771519666832 -0.3450412999354986
-0.37691349823637554 -0.6925839541703036
0.19276438737295076 -0.10505182623731901
-0.4769631866253765 -0.4779037746369703
-0.5709720915322329 0.7833364565005392
0.42188349270601866 0.2660787302913976
0.2343338070765335 -0.28921962642710053
0.3510553134571357 0.71019310472839
0.12731350329195168 -0.10134972639311557
0.3440529270948758 -0.7702375662156877
0.7389637084860041 -0.2853403112010302
-0.6166771545161944 -0.25208582974629
0.6271668469590477 0.6243130138120108
-0.055445125364879555 0.8252436613665564
-0.20218738086422983 -0.18837779011626687
-0.0364892690580092 0.9689169390234895
0.3800232868482565 0.743280895636832
0.07462890434960712 -0.7243026169656783
-0.06735183828102209 0.5297899492318259
-0.2764915647575512 -0.9268229765387903
-0.24574833055225853 -0.8003660022876926
0.9667270201813851 -0.07520269110870115
-0.4536666424597362 0.37079641082176407
0.528506518845542 0.31656120640563
-0.06252050752476768 0.1088139702993931
0.2416111324525645 -0.8658280608981364
0.4242725080975267 0.4477448707102909
-0.5838803061470919 0.10428101851736771
-0.21008405739820768 -0.8064399070162627
0.7059155397496455 -0.40579447435503235
-0.2840231218858149 0.7490626662608124
-0.18000405770772732 0.057704601426456836
0.8410416893154273 -0.430651846283016
-0.8201008373010168 -0.5602926741721832
-0.6122474571414083 0.2389289649574482
0.9578067791122087 0.11156201490243989
0.5018497435617211 0.719415799770605
-0.6843407121394323 -0.6186024867754083
0.7415626138998586 -0.04882841590028186
-0.07435853692076866 -0.2863466358339408
-0.3925097606197745 0.2681289381428338
0.3596487043907164 -0.6001401132865931
0.17863641003690378 0.8762332669291302
-0.06848015022090403 -0.7621116193908954
-0.11352754354311245 0.24391206228365636
0.5147621472432986 -0.24773738248164046
0.34666585454735865 0.25366528554295553
-0.5159479094024555 0.26526312921160167
0.372544473932396 0.6469767069195507
-0.33731172296672907 0.10208729384754411
-0.6594765228811472 0.24056174016247533
-0.08026811315533533 -0.6152654242399458
0.4246206936522794 0.5168347356910417
-0.8668931126991768 0.2531982468212395
0.07722503149553872 -0.20513214339665975
0.1251560695871634 -0.1877086939274999
0.4949556277415723 -0.1985645395155795
-0.15022207278145316 -0.42165674979408396
-0.7376417364949108 -0.2250408077851842
-0.06880075225465587 0.9260549000062219
0.056946079875900946 -0.3631476268317242
-0.26501164192103466 -0.22153743775927626
0.8771829382752714 0.4381514822200301
0.7689395855160561 -0.38296482278438404
-0.49292719246113315 -0.8681782054636886
0.6765596511557437 -0.3815901006558515
-0.7728834208386679 0.5210302664667632
-0.8699827922428436 0.17773092860893547
-0.6720299032612251 -0.33458721063576413
-0.01940469001773848 -0.8164704193015939
0.21573375159061126 -0.07074595520421201
-0.12213473773317562 0.7182661410960864
-0.002707472389862131 -0.5439877046798625
0.9401883451616575 -0.023599754509296744
-0.24340991869852058 -0.4708297003227877
-0.08436478406519687 -0.7426396938411373
0.17936705439509937 -0.4789312956302956
0.0016952450517142559 0.7984423149525068
-0.5210661300412862 0.5388462795432609
-0.31049512371560106 0.06635361199781209
-0.2356362152126752 -0.0007324865570712547
-0.5349105548009712 0.6978595333225004
0.19375194499675485 0.6808025549099062
-0.21333220883524273 0.3169350232294552
-0.7553551609962943 -0.06968010983244133
0.64019947327888 0.19673653504891564
-0.019752942803369145 -0.9014670190947653
0.5999234330269358 0.6044949683183463
0.8361659979451106 -0.5095167813544303
0.02516488952906104 0.32129960429261817
0.1058857788871741 0.8305478084652946
0.7566502281061194 -0.539695932237201
0.14846501384286936 0.2914309193603062
0.2243884546302084 -0.9332361199983061
-0.24704549353849603 -0.05145547053037092
0.3452008175587107 0.5155192704827647
0.18226358430482192 0.40024702678419555
-0.0850502641355535 0.2789728201235957
0.1183048286663273 0.3488018836104856
0.7565973723986787 -0.49966213887620015
-0.34351741486745024 0.13281167349547585
-0.2704822297634162 -0.2055747851738734
-0.7640089512508388 -0.09387585873026283
0.16279574962939147 -0.5376212328250551
0.8098889555293483 -0.5297108323137436
-0.11377210885947009 0.7527396185295478
-0.8718429920182011 -0.0908044792736411
-0.6056471615439298 0.1603883621903388
0.7596964923797782 -0.10538907122957886
0.5388604722717742 0.12266493545931412
-0.3765783180483906 0.4916286844782287
0.8496649543581725 -0.02583727087410015
-0.016300820647024095 -0.05331896855348317
-0.6769390541437537 0.23718803212979211
0.1446415293452048 -0.12884692815296073
0.7924392892786623 0.23398126919652285
0.427524927673234 0.10725663664803986
-0.5550636831294531 0.5891572862841947
0.20842308312034952 0.6277677703097699
0.8916126518361369 -0.37063256613199913
0.38088566423534 0.822989780269834
-0.7223519992268186 0.3606206269278822
-0.5789660100108953 0.629068835849405
0.01010088923035446 0.6350001586595548
-0.3703380906664311 0.13544195815772997
0.02452843729140164 0.5979830857611965
-0.45960217974724515 -0.5525661028283035
0.18747962714895272 0.19268402800197548
-0.31699347918739806 0.5498785885661299
-0.5487499661355058 -0.7540365967142613
-0.6090743565770333 -0.6270560128325142
0.16365900343007111 -0.26260682227118326
-0.1437665974785436 0.13113670291332857
-0.7047983053660103 0.3926732229540426
-0.5751292808018376 -0.40061960695199894
-0.41700006894454567 -0.3009858587712144
0.47698983884899926 -0.4484163586996137
0.6797977176951675 0.49356059174108124
0.2835497161164746 0.46893154740684406
-0.7019390630146669 0.671029225762181
-0.3313083153239924 -0.3291283608701516
-0.3702397305005938 -0.29273840744684776
0.508355902867675 -0.1937008899577093
0.543864765033885 -0.12863534749402405
-0.19766601849672227 0.5544271845375714
-0.5583444389389243 -0.6912572820796881
-0.5869642141855755 -0.8040299172364
-0.17443612079742077 0.7308886927870644
0.2926003416847689 -0.8037499826847525
0.520465295202656 -0.042273997579033606
0.10098585884927469 0.6008949931746554
0.4607619967925136 0.3161325005054485
-0.5138717886533279 0.2897198479460896
0.15638849398282284 0.7435801381845895
-0.31785204665315736 0.6206570022504823
0.8685804528487511 -0.20266509610360983
0.27461005952157125 0.6520202904972616
-0.05759873337934529 -0.6407547421147188
0.4275176694646472 -0.4394987428460675
-0.5417435657136271 0.802869947106509
0.10894038448752674 -0.5728579791279642
-0.4170492258541618 -0.5671346050569961
-0.47882068797499233 0.7736575793656464
0.5103980084033728 0.3120412971459743
-0.619296152268749 -0.211481452724275
0.6691215040595913 0.5246772089575178
-0.2653888093493686 0.6806353159843104
0.5999283717127433 0.4782677344340962
-0.7436850445436547 0.5740195796628591
-0.0004504633786619472 -0.5112757533177306
0.72777808652488 -0.6250871125705157
-0.5465045345924404 0.526579829021842
0.07565487159918871 -0.33613693095299757
-0.88209937020413 -0.4687296828942129
0.6172150410802839 0.4329308978902833
0.690891907155867 -0.16455167966148787
0.32327708982676007 0.24921642534512767
-0.012841347068598408 0.5461200263195973
-0.1515013567485668 -0.938768792526085
-0.9469808754034224 -0.006215342426040715
-0.787210384554053 -0.33866274824617815
0.39706116576921846 0.39312911666352934
0.12431195796381078 0.053222468670168555
0.6482849115077498 -0.4950175115229305
-0.2776305536228352 -0.05118673736615076
0.24617368925769623 0.109134852773068
-0.49675719281341624 -0.22709228574750995
0.43258308063379625 -0.09825998036965378
-0.39542134036279775 -0.49678516914191473
0.16957538217869406 0.2947686201215558
0.7524389202357546 -0.3511840204386467
0.03557073850773129 0.8309952639030045
-0.08641680819576392 -0.5040927495322427
-0.869906843170944 0.3928251837031602
-0.3723981254372395 0.0611669345543886
-0.37024525963996213 0.7489526735222003
-0.2573107877188978 -0.21827555718646185
0.7657946453934528 0.2516996569901888
-0.1875242337172287 -0.62702605940739
-0.2481930615597403 -0.04638397528240845
-0.7638662716165312 0.3100229134323449
0.1906607958119142 0.5139357269595755
0.24925752911825882 0.7951908268871204
0.19285266835155812 0.660311004478582
0.8237116029742435 -0.3809501643961144
-0.6417594891985319 -0.03679392874435816
-0.10651806598699132 -0.045905121540348315
0.217007462720606 -0.34732225042254394
0.52121755395156 -0.7498616034323262
-0.3262619338602393 0.25815913598465534
-0.5715234401591454 0.5037292981421972
-0.38532076428767703 -0.02622409216897137
0.33198071082376557 -0.5818791696919003
0.0568528347421402 0.9332135572360545
-0.21330855942406401 -0.30563464209311975
-0.6630831595301692 -0.013285573035439535
0.7157017631625961 0.3248617399490725
-0.8436846299571066 -0.0486613743121016
0.7749108056721781 -0.4097043102291258
0.23063164321542473 -0.2026820695008651
-0.7376340426420314 0.6503014495833619
0.764511145429402 -0.5317850003215288
0.5271417600116921 -0.5114755840676231
-0.038236769910393154 0.4013789569399804
-0.6343730575155055 0.3731819640546752
0.2484548125031092 -0.3476983181070876
0.8325463647108322 0.39176666768377233
0.5842562674526692 0.2862416629030258
0.3788868560551004 -0.12786622493686117
-0.18829751560493935 0.5069070486777325
0.14809424948273042 0.487349832412751
0.8546724218672856 0.1062440589292235
0.6187096859752483 -0.5774917987895127
-0.3612658249101597 -0.032003888903974875
-0.8715232573526073 0.22489069307602305
-0.2703669039197465 0.6212456251568246
-0.5418179228618294 0.13141253034012035
0.0682894593162553 0.31515445420382227
-0.43516465897816925 -0.7753770330600591
0.703839277749327 0.582007726827457
-0.3309864384036336 -0.07794089292712592
-0.692031312966553 -0.5147871311577561
0.03770249638343448 0.21832539117344707
0.22464168917404215 0.2506514163173095
-0.4479456509206923 -0.33383913461535
-0.2447867316074921 0.15723980523298287
-0.8626223878835053 0.32416404378007035
-0.3901965721764984 0.3880080823724139
0.0038937302182560085 0.08582197077087339
-0.7000792244290246 0.48579785290245114
-0.16734578395770083 -0.7618003222673697
0.2391309209825636 -0.304903437679503
-0.4181840807333588 -0.5388986782531362
0.39306427275403255 0.4524799291488457
-0.2278266654681529 -0.6335953086043091
-0.4944206032150753 0.2872852645570587
-0.23376372472786988 0.3187863573575267
0.39840169678105064 0.007394360755114349
-0.9478432093761797 0.05797569908482614
-0.5010529148843621 -0.663926103343252
-0.3961594157752695 -0.3784132605316819
0.5862812218336588 -0.7061864708204044
-0.23487283601706732 0.8531058633518052
0.04914849340337191 0.4203095630468803
-0.8602678960615655 0.22834459203350543
0.9717672280818881 -0.10253638603214199
-0.8083701991630832 -0.05015139409813729
0.09009927689247732 0.26981687439581736
0.17128584069362218 -0.8606685799618496
0.3202099882063132 0.9370573998928375
-0.16629582691363942 -0.6831323443071469
0.5545336751226428 -0.5627988789080682
-0.40467472948310323 -0.3223539391787047
-0.0009302799498471792 0.1597565985522582
-0.06493759049696846 -0.740174092384237
0.10943133770392444 0.07560158932092076
0.055943601509257146 0.8296973437125681
0.35607145687252806 0.7138603074489389
0.03269575334991548 0.11660536700582314
0.4333450690361571 -0.5895118131988852
0.3929442104552545 0.3233847450754095
-0.9003259320052122 -0.10886709694015839
0.04083922719346722 0.3177045286158986
0.7005756078618255 0.3804053474914282
0.9627164571905675 -0.08255786745928018
-0.6805328696477373 -0.1460664542123229
0.32916808046096224 0.7321212720034298
-0.414155365285098 -0.003874862519249289
-0.13652465640894307 0.2508768152400931
0.39266425806723015 -0.16861255036044676
0.5812762225244299 -0.14582682110839795
-0.045285568166986145 -0.1649100806572854
-0.5598039585684149 -0.6883547026701906
-0.573449785604111 -0.4967918979240067
-0.6158479607442799 0.3427442299907184
0.13911623309171173 0.4650429238099405
-0.12238033268795223 -0.7050920002277197
0.3950929086629953 0.025007930179475224
0.3741244816656737 -0.10602902882597998
-0.15851534517532206 -0.5543828168568723
-0.8011073424307589 0.5820666734571702
0.4840319098222159 0.5025101905570588
0.6977597635647892 -0.6971062903853098
-0.4880291069584686 -0.0029123710772744893
-0.9032672288010133 0.27835403392878155
0.10782498526128981 0.31964080046373544
0.5383722102598025 0.6708425263548217
0.9189026580655306 -0.12427278891357285
0.6750640504888035 0.44561121756900035
-0.36522318295659195 -0.8908339278919954
-0.13287293415031987 -0.11099976848349913
0.19428426703158252 -0.9746043798007444
-0.9284735284568679 -0.21900338066224845
0.2753128711199875 -0.49294754624869763
-0.38864966146626845 0.6188611263415222
0.024895768590005085 0.11010210357831962
0.3791142074884306 -0.43441536749177656
0.025763992282976877 0.8867611666056494
0.281347204687296 0.37007688521090887
-0.016944183084833808 -0.7891682810773628
-0.6724571498426226 -0.6908298381391176
-0.32171379130724165 -0.6542619483477112
0.11854823234828471 -0.6314531871389171
0.03361617171919984 -0.8369586331442795
-0.12611823087852692 -0.9463618319679723
0.3839746880635686 0.40861478072999247
0.12426248916899385 0.9719549480996161
0.4878383369332051 -0.26918296700953226
0.14888709935622169 0.8195546340258033
-0.29781736689032345 -0.6402886361442419
-0.02136605434112049 0.4112728330014661
0.9093854184525674 0.0607321751031602
-0.11239797015618347 -0.2867934475926208
-0.7090080251114763 -0.22155451226411849
0.2563611784175348 0.18592016518960963
-0.32683292097625927 0.22804352478071643
-0.3321618800968944 0.9278490846917953
0.48437318177319844 -0.36632335922903336
-0.35888675084477395 -0.33741028365723613
0.16621549524182955 0.495134598912615
0.15144651478193794 -0.9792483735184501
-0.848050267767902 -0.03942540956479812
-0.2719756584633699 0.7790497875410327
-0.5506034946132758 -0.30447386065271953
0.31416532645927675 0.2452671993973652
-0.1494596422599166 -0.3409346083365552
0.5161606500711271 -0.40075880905320727
-0.23136569336152224 -0.2927680792837213
-0.4194418868491576 0.5529773761275736
0.6181260815242429 -0.003165772391486854
-0.9566341704083483 0.01912972744567587
-0.25174567300929596 -0.10516992668302372
0.4196309488055585 0.0246593754379818
0.47745594256452706 -0.4368332968149584
-0.008150550157224323 0.784688427432918
-0.5465446700510443 0.4726772300449773
0.5823959314832674 0.5544358770774529
0.781999733834732 -0.05838943961585574
0.07186577580136033 -0.6316183221181038
0.5488378600672013 0.0633380459920081
-0.05749979766536817 0.611791875364482
0.4388542729915279 0.6308434731924013
0.13157102366038886 0.0009480130714336621
-0.5019913397847291 -0.5858342486542256
0.4225707239414269 0.4153886733629846
0.027021673379924227 0.9052971936561138
-0.21665018626931154 -0.023064174266958615
-0.38549405604287434 0.3913883578333335
-0.1258910519112304 -0.17538891000479206
-0.1962769346147457 -0.0387028482494034
0.03125516605255041 0.7781719028720826
0.2179465472788651 -0.5220162114776883
0.9489008642988641 -0.108921998485493
-0.8085661257916281 -0.14962383447237215
-0.19187772643922685 0.08694631733486236
-0.567479125131108 -0.32343095310814984
0.20721794318858522 0.6149232470599741
0.41185873349141855 -0.34701833903636947
-0.12615574602058266 -0.0802922540655413
-0.41018768114695314 -0.8472552930885329
-0.21941106674082778 -0.17464943900342855
-0.5217525794075955 0.32960054762414726
0.840646031981088 0.5171627416869236
0.7901117947236054 0.5931354505446891
-0.19987529048539687 0.295482650357229
-0.1028925698068539 -0.3141196917697471
-0.10660787006946237 -0.18337159108259438
0.5763022112474667 0.10720371408233476
0.5460048923465572 -0.08742185844848671
0.15411623950542785 -0.2877355357224356
0.5273825287749923 -0.1003100437064317
-0.21182439507447426 0.3988586376553598
-0.9244694822079977 -0.13012135155455185
-0.6231335438389809 0.4997986703353545
0.23138328864249802 -0.0976357489578763
0.6020689874267526 -0.20605773190699272
0.3263897554523052 0.288589776525223
-0.04483414964314747 0.2096279527401148
0.22506470126745692 -0.39318524784993225
0.2868068259025218 -0.05790169871469941
0.4659227117208995 0.32462507125705775
0.32275038188341987 -0.49190888342593375
0.29435106874659844 -0.26082045642262286
0.2909548255522765 0.2446701437218659
0.3424015540206977 0.18863271011830074
0.7235058305164463 -0.2221872397895921
-0.25776431373431685 -0.9536489216642183
-0.9809504845590373 -0.04770677343092267
0.5626590570472298 0.5439038301245742
0.1673115197927144 0.6231298190422303
-0.5998321184323316 0.6143192138482749
0.7438145101195077 -0.5227071247711073
-0.38314318037852657 0.8333817109031176
0.579718239139259 0.24038765239059745
0.3910569178182359 0.19301981720910244
0.014867771127348606 -0.40550393942565655
0.227220418147275 -0.8758924660098699
-0.5735769576745284 -0.3332585714424863
-0.262480391046753 0.18111835869571702
-0.1640855539918753 0.6862136596541641
0.8486153597680306 0.315442346268896
0.20040625742035068 0.9017605993358171
0.0764285407594083 0.8279113786757808
-0.666931163287914 -0.2397591955797942
0.03602024936336368 -0.7467481628522226
-0.11596972277374862 -0.1352196427222414
0.3965163397124274 -0.37355715903188424
0.26003353849699984 0.7654729657254074
-0.10292641661980917 -0.8275801166448158
-0.7140900700417658 -0.42826078452504324
-0.35252698794165815 -0.457432656279521
0.22962625552684046 -0.1745521539096908
0.5564558657198868 -0.7788960277512982
0.7126446392897916 -0.2103832193324615
0.2774799122326559 0.43809922340361585
-0.016640834070132282 -0.7180993340961248
0.02644834371731819 0.6051851500910603
-0.3205728506770047 0.3211767644334971
0.8983875114892543 -0.4162914945438758
-0.9380502583897896 0.24410012032463513
-0.6747216461029006 -0.556959836056901
-0.39164039093508296 0.3338884241103639
-0.9003030674044619 0.05896933311245611
0.5485023743485655 0.7874909275961868
0.5144326846321539 -0.5092541778564401
-0.9072962649207421 0.38739848224140516
0.12844121816718523 0.44017907270104195
-0.32935907095877703 0.06161023524270837
0.10070236820902645 0.1751168133979386
0.4789582566180812 0.6210222054014392
-0.28614300511388047 0.23588211440485085
-0.626241633560839 -0.6575492996203964
0.01975930196921638 0.9291972549120544
0.7756241091932756 -0.191609382823275
-0.12652696763647664 0.532133245232079
0.5590516959559191 0.11558197897302724
0.647789497904472 0.7284929162873823
0.0829776285348558 0.6778617924258863
0.7064441626777274 0.4312752327857776
-0.08874747053671883 0.3279634563449174
-0.5211932212700086 -0.3527962897037258
0.604264594929907 -0.6646600408691117
-0.3526926661477858 0.2802181973572362
0.23754629530929083 -0.573113921533146
-0.6211767265031709 0.12457229905521006
-0.3098880410232243 0.6927536197171571
-0.40433341231080533 -0.8691822850927704
-0.4997047979941751 -0.8152576550195461
0.40900224879001623 -0.4350302802159227
-0.5195906968664512 0.7830556405758327
0.22272118117215478 -0.3980505113262667
-0.08119725410345513 -0.9584829232695353
-0.5527694062826314 0.6585826064019231
0.6327595007534141 -0.6318478376518666
-0.24659428081404244 -0.32462485276154385
-0.2099814775629376 -0.478069579702207
0.45997057595641055 -0.3771119118658455
0.4533742528305773 -0.5382507833879686
0.34316238858581083 0.39614546098863146
0.3475490595445083 -0.12554171819472582
0.7604207899641477 -0.14053270399219997
0.40637690308694996 -0.37451738296935533
-0.5320448831906053 0.5236050331676045
-0.3149667955414357 -0.19569321373815796
0.4545324734412821 -0.7017276816690736
0.25637252252336173 0.22912247982436829
-0.4247695406962604 -0.8557455392427336
0.8805983904480885 -0.28447548434913816
-0.8894860519559458 -0.2627426423358161
0.1184400923317992 0.5356828714079527
-0.1839908615488246 0.08914134590837741
0.9110755788677896 0.37563112755123584
-0.26065924530837425 0.4611245158849877
0.8327431063575774 -0.41327797577976444
-0.5992840467247929 -0.7943901027172191
0.9085133768328573 -0.39796064128915365
0.07298923769676557 -0.45181616133899527
0.3381092578284721 -0.6135485765042821
-0.8232995902598417 -0.28066101416873956
-0.8831090550198595 0.30558137024071175
0.8900845972209537 -0.13802267072526742
-0.20351187368876245 -0.8170203618761489
-0.06285057457575749 -0.3662885914890519
0.1744015835634265 0.2055812013151197
0.16417166987895482 -0.18908374351227342
0.3725893683388253 0.15477106647266758
-0.10220931697304825 0.43560987061793943
-0.4136982276611363 -0.2916434195046773
0.08476328387394916 0.12357628225945727
0.48935745160563915 0.19036262496652534
0.2547176559489095 -0.41886766328089986
-0.452023139502024 0.4382824883795011
0.38079227296090457 0.7373964131445836
0.038595144011085436 -0.27155029523668395
-0.2302286466575234 0.0110002893107497
-0.4599229954680186 0.16860890054607092
0.31322652047557265 -0.5459856249498443
-0.844565844830919 0.27580581133459625
-0.2555792521455631 -0.7577871033311263
-0.3652738996531375 0.8325673020532096
0.7247605892806561 -0.2836283860455362
0.5420393634246905 0.15641471147639385
0.43043750439260675 -0.4086089714776586
0.3500081875229524 0.4715748466919536
0.5578944376818986 0.5727644824198117
0.4300732397657321 -0.07540757177954394
-0.28486994397905563 0.8421598935813612
-0.010104862380299728 0.5859990450256536
0.10901063376176068 0.031274249722575975
0.4046837526113547 0.8051990504248965
-0.288962872146004 -0.39112557237592904
-0.522966180753982 -0.7538379489096303
-0.15581902608489884 -0.2666048696410299
0.6026836944959042 0.5036878149914925
-0.5484942943880182 -0.1252308896772032
-0.5907101077657368 0.6644774317061815
-0.2975904877452642 0.06334695648392219
-0.4225125037441657 -0.48780325286136605
-0.48009779970855937 -0.18470985629200265
-0.4730710854978919 0.298946005630744
0.6876125307704473 -0.6925480647407622
-0.03859510175857728 0.5525683886011512
0.0965527395386312 0.6118845478327821
0.4135181895806239 -0.02428468674885642
-0.04730213098288849 -0.4836284739622636
0.34623255916288986 0.7446289407716948
0.1110227522480094 -0.024304389254085068
-0.32735754012019846 -0.2036251666395943
0.519053407238206 -0.15342644099320202
0.11290696815197743 0.039682069140619
-0.010809116113282835 -0.8619661490952397
0.46279958378276986 0.270693215172102
-0.7734810275057173 0.1506888121984955
0.8234099501887122 0.34969172972818474
-0.4342899643072997 -0.46022538601957863
-0.4701009077411198 -0.02861789937343251
-0.9609214463092925 0.04015900274427864
