1996
79 1 12
15 1348 0
7 6 78
187 13 9
10 8 20
95 498 6
872 5 2
236 2 94
1814 9 4
1442 3 8
400 1123 4
38 17 12
14 11 0
18 14 3
176 12 13
570 1 127
1061 376 17
653 16 11
41 13 188
512 768 51
21 4 65
22 399 20
21 173 398
66 209 24
26 23 457
26 69 213
25 24 68
77 30 88
29 382 378
28 164 31
31 86 27
30 29 234
33 1221 93
32 87 83
224 510 57
253 908 36
105 35 223
562 281 115
39 138 11
328 38 75
145 367 141
1114 175 18
1140 43 661
1133 44 42
752 760 43
47 195 101
47 103 48
46 45 104
191 46 352
417 1150 50
193 49 54
58 19 52
56 51 192
54 620 55
56 50 53
57 53 97
58 52 54
55 34 58
56 57 51
60 309 166
59 61 790
738 171 60
202 208 1186
435 64 210
211 65 63
444 20 64
214 1528 23
68 456 217
215 26 67
216 454 25
834 189 331
73 178 182
74 183 221
71 74 177
72 76 73
219 39 76
459 75 74
80 27 81
239 2 79
78 0 80
77 79 381
240 77 90
162 388 163
85 33 84
83 89 86
83 232 96
233 84 30
92 89 33
91 27 89
87 88 84
476 81 91
92 90 88
91 87 93
92 32 475
241 7 238
874 245 5
1222 85 850
462 55 612
99 506 543
250 98 500
888 252 249
106 45 255
679 514 931
515 676 46
926 47 106
520 107 36
107 104 101
106 254 105
928 843 840
113 1757 558
119 1312 112
113 561 118
113 110 932
111 112 109
115 940 565
114 37 261
123 117 545
116 290 943
119 111 956
118 505 110
270 544 507
123 273 265
123 267 268
121 116 122
566 539 291
126 293 567
125 571 294
298 15 540
129 167 310
128 602 325
133 314 315
313 319 198
135 610 621
320 130 134
135 133 316
134 132 618
646 617 312
627 323 318
1043 337 38
335 142 327
158 141 157
1053 40 140
143 1069 139
142 332 144
675 143 666
1063 344 40
350 153 357
148 149 152
147 349 150
150 702 147
148 678 149
154 369 343
153 147 368
152 154 146
151 353 153
694 156 160
699 362 155
374 140 366
1055 140 690
692 707 1403
708 155 1080
162 225 227
161 82 719
530 82 390
379 165 29
387 235 164
392 59 167
169 166 128
394 635 631
170 167 324
169 393 740
395 791 61
1485 396 173
174 172 22
173 440 403
179 176 41
175 177 14
178 73 176
177 179 71
175 180 178
1115 182 179
185 1116 1446
183 71 180
182 184 72
183 185 220
181 190 184
405 187 1120
186 188 3
1112 18 187
407 1045 70
1444 409 185
426 48 414
193 52 769
765 50 192
420 775 1163
424 256 45
197 1750 427
196 198 322
428 131 197
794 200 201
430 806 199
604 199 205
433 204 62
205 798 432
202 205 206
203 201 204
208 204 207
210 206 434
206 209 62
208 210 23
207 63 209
1181 64 438
443 809 1131
214 25 452
453 66 213
217 216 68
458 69 215
215 67 1202
835 329 219
461 218 75
221 184 408
460 72 220
468 223 909
523 36 222
907 34 463
854 473 161
230 227 472
228 161 226
227 229 386
228 230 231
226 848 229
235 229 232
233 231 85
232 86 234
233 31 235
231 234 165
242 237 7
243 870 236
862 94 239
240 238 78
239 81 474
859 242 94
243 236 241
242 479 237
1262 245 875
244 246 95
876 497 245
609 1286 1005
496 608 1692
250 100 251
249 504 99
503 249 508
1266 509 100
511 35 254
255 253 107
254 101 256
257 255 195
256 421 513
527 259 731
1303 839 258
308 536 1588
941 115 262
264 261 282
264 982 1333
263 262 538
266 121 275
265 277 289
546 271 122
269 122 271
268 955 274
957 272 120
272 268 267
271 541 270
274 275 121
273 269 284
277 265 273
280 287 277
275 276 266
283 285 279
278 936 282
284 281 276
280 282 37
279 262 281
278 284 953
280 274 283
951 286 278
560 554 285
288 289 276
291 287 292
290 266 287
289 291 117
288 124 290
564 288 563
294 295 125
293 126 296
296 970 293
295 294 297
303 296 298
299 297 127
298 300 304
1325 305 299
303 302 572
582 962 301
304 301 297
303 299 305
578 304 300
587 583 1305
308 1306 585
307 595 260
311 310 59
600 128 309
601 309 793
648 136 744
314 131 606
313 1365 130
316 130 615
611 134 315
616 1383 318
317 137 319
320 318 131
619 319 133
1016 1945 1376
1617 197 323
628 322 137
636 169 325
324 129 326
641 325 804
650 139 341
1044 39 329
331 328 218
1398 331 333
329 70 330
656 667 143
663 330 668
335 338 655
334 139 336
335 652 337
338 336 138
337 1041 334
1072 1062 340
342 339 654
342 327 1071
341 340 651
345 151 344
671 343 145
343 673 360
356 660 761
358 762 681
423 758 753
350 677 148
1076 349 146
682 416 352
351 48 680
354 357 154
355 353 361
354 659 356
358 355 346
358 146 353
356 347 357
657 360 674
361 345 359
658 354 360
365 686 156
529 729 683
365 1304 528
364 362 700
372 157 367
369 366 40
369 152 371
368 367 151
372 696 373
372 368 703
371 370 366
374 370 688
373 691 157
693 687 697
718 383 16
734 378 380
379 28 377
385 164 378
704 377 382
382 80 383
381 380 28
1095 381 376
385 733 1097
384 389 379
388 228 387
389 386 165
386 390 82
391 387 385
391 163 388
389 1098 390
741 737 166
394 1103 170
393 168 1421
1172 171 1477
397 398 172
401 396 747
399 22 396
398 400 21
401 10 399
397 402 400
1669 1124 401
1486 174 404
1481 403 442
745 186 746
754 1450 422
410 189 836
837 220 409
410 408 190
409 412 407
412 1646 1148
411 1048 410
755 757 1449
415 191 416
414 759 1161
763 414 351
418 1152 49
771 417 419
420 418 766
419 774 194
772 767 257
423 406 1432
422 1160 348
773 195 426
426 1162 776
425 424 191
428 196 779
427 778 198
1171 1579 495
796 200 789
432 805 603
431 203 803
800 202 1175
435 207 807
434 436 63
1177 439 435
439 1523 808
1179 211 439
437 438 436
441 442 174
443 440 445
443 404 440
441 212 442
813 445 65
811 441 444
447 1208 1006
446 824 827
449 1017 622
448 597 450
449 986 451
1018 450 1586
453 213 820
452 819 214
1188 455 69
1192 801 454
457 1201 67
456 24 1349
829 1190 216
461 76 460
833 459 221
832 219 459
466 463 97
464 224 462
463 465 1293
466 493 464
462 1288 465
844 518 469
471 222 845
1708 467 470
471 469 519
468 470 524
849 226 473
1229 472 225
1231 240 476
476 93 1233
475 474 90
861 863 478
479 477 480
860 478 243
481 478 864
869 482 480
1240 871 481
895 866 1719
1263 1238 867
879 883 488
786 1273 490
489 891 878
881 485 489
487 488 896
491 486 900
855 1277 490
847 780 1542
1282 1292 465
496 913 1284
496 429 912
494 248 495
1246 498 246
497 499 5
1870 944 498
915 99 948
1296 552 1253
503 1313 505
502 504 251
503 506 250
507 502 119
504 507 98
505 120 506
1314 251 509
921 508 252
511 512 34
513 510 253
513 19 510
511 257 512
515 930 102
514 103 924
925 517 929
522 518 516
517 519 467
525 470 518
521 105 523
522 927 520
525 517 521
524 520 223
523 471 525
522 524 519
527 528 1302
526 258 529
529 364 526
528 527 363
533 531 163
532 720 530
531 534 728
530 1638 534
532 533 730
538 536 574
535 537 260
1320 1593 536
535 264 934
939 540 124
1327 127 539
542 544 272
541 547 551
549 98 544
541 543 120
546 116 945
547 267 545
546 548 542
1337 550 547
551 949 543
1339 551 548
549 542 550
947 1874 501
554 555 935
557 553 286
556 1323 553
555 557 1755
554 559 556
561 109 559
560 558 557
952 559 286
558 954 111
563 37 565
564 292 562
563 566 292
562 114 566
564 565 124
571 125 568
569 567 971
568 966 1352
571 1351 15
567 570 126
1341 301 969
984 575 938
981 535 976
577 576 573
580 937 575
977 575 985
582 305 580
580 978 581
579 578 576
582 579 980
578 581 302
584 585 306
583 588 586
586 307 583
585 584 592
590 306 989
590 961 584
590 987 598
589 588 587
593 592 963
595 586 591
591 979 594
595 593 975
592 594 308
597 1008 1358
596 598 449
599 589 597
598 995 990
601 602 310
600 311 604
600 603 129
604 431 602
603 601 201
606 1694 608
607 313 605
606 609 1362
609 605 248
608 247 607
611 612 132
613 610 316
613 97 610
611 614 612
615 1004 613
614 315 1366
619 617 317
616 620 136
619 135 621
616 320 618
617 621 53
618 132 620
1007 448 623
1604 622 1015
1381 1372 626
1618 626 1014
645 624 625
628 137 1382
1614 323 627
630 632 637
629 642 1027
1627 168 632
634 631 629
634 1029 1625
633 632 1025
636 637 168
639 635 324
643 629 635
640 817 642
643 636 641
638 641 1537
639 326 640
643 638 630
639 642 637
1020 1394 1030
1021 1034 626
1385 136 649
648 743 1035
647 649 312
1621 646 648
651 652 327
650 342 654
650 653 336
654 17 652
651 340 653
656 334 1042
1395 332 655
658 359 664
657 659 361
658 660 355
659 661 346
662 42 660
1052 1141 661
665 1399 333
665 657 666
664 663 1051
664 144 667
1400 666 332
1050 333 1046
670 1064 1054
669 1059 1068
673 344 1065
1066 1067 675
671 674 345
675 359 673
672 144 674
679 1074 103
1075 678 349
677 679 150
676 102 678
682 352 1073
1077 347 682
680 681 351
686 363 684
685 683 1637
684 1100 1079
683 1078 362
1401 688 375
1085 373 687
690 1087 715
689 158 691
1086 690 374
693 694 159
695 692 375
692 695 155
693 698 694
703 697 370
698 375 696
697 699 695
700 156 698
701 365 699
700 702 1583
701 703 149
696 371 702
706 735 380
1084 706 713
704 1094 705
708 711 159
714 707 160
710 1404 711
712 1092 709
712 709 707
711 1633 710
1409 705 1091
1632 708 1081
717 689 716
718 715 1089
715 718 1056
716 376 717
721 162 720
722 719 531
719 722 853
720 724 721
727 1544 724
725 723 722
724 732 726
727 725 838
726 1703 723
732 532 730
731 730 363
728 534 729
729 258 732
728 731 725
734 1096 384
733 377 735
1413 734 704
737 742 750
736 738 392
737 739 61
751 1479 738
741 170 1104
742 392 740
741 1102 736
744 1427 647
743 312 764
1649 1113 405
1453 405 1118
1670 397 1126
749 750 1101
748 1834 751
751 736 748
750 749 739
1135 753 44
754 348 752
755 406 753
1137 413 754
1147 1142 1049
1144 1490 413
759 760 348
763 758 415
758 761 44
762 346 760
761 763 347
759 416 762
1154 744 1151
769 766 193
767 419 765
766 768 421
767 769 19
765 192 768
1158 1108 1110
1501 418 1164
774 421 773
776 772 424
772 775 420
774 776 194
773 425 775
778 1309 1693
779 777 428
778 427 1307
781 1738 492
780 1279 1878
1295 1170 784
784 785 1278
783 782 1167
1562 786 783
1269 486 785
1507 1571 1166
1169 1318 922
792 430 794
793 60 791
792 790 171
789 791 797
794 311 790
793 789 199
796 1521 1525
797 795 430
796 792 1173
800 799 203
800 802 798
799 798 433
1191 821 455
1174 803 799
805 432 802
1535 326 805
803 804 431
1526 807 200
1178 434 806
815 437 1519
811 810 212
811 812 809
810 809 445
813 814 810
812 444 1182
815 1128 812
814 1180 808
1184 818 825
818 1028 638
1026 817 816
820 1185 453
819 452 821
822 820 801
821 1176 1187
1531 828 824
826 823 447
826 816 1538
825 824 1370
1209 447 828
1206 827 823
830 458 1203
831 1205 829
1204 1207 830
833 835 461
832 460 837
835 836 70
832 834 218
837 407 834
836 833 408
1215 726 839
840 838 259
839 108 1859
1219 1213 1541
1214 1216 851
844 1857 108
1858 843 467
1709 468 846
847 845 906
846 492 1866
849 850 230
858 848 472
1220 96 848
852 842 1224
851 853 1546
854 721 852
1227 225 853
903 1551 491
1223 902 857
1226 856 1553
1549 849 1230
860 241 1236
861 479 859
860 1972 477
1232 1237 238
865 864 477
869 480 863
863 1721 866
884 865 483
885 484 868
869 867 1244
864 868 481
871 872 237
873 870 482
873 6 870
871 1242 872
875 95 1243
1239 244 874
1251 1247 246
878 1249 880
877 487 1257
1264 485 881
881 877 1260
880 879 488
884 894 883
885 882 485
885 866 882
884 883 867
1563 887 889
888 914 886
1265 100 887
890 886 918
889 891 892
890 919 487
1270 890 1268
895 899 1274
895 898 882
894 483 893
897 489 898
1271 1267 896
1272 896 894
901 900 893
903 490 899
899 1554 902
903 901 856
902 855 900
905 1543 1739
1276 1218 904
1281 846 909
1294 908 224
907 909 35
906 222 908
1575 911 1736
913 912 910
913 495 911
912 911 494
915 1299 887
916 914 500
915 946 1297
1298 1256 919
919 889 1300
918 917 891
922 921 1572
923 509 920
920 788 923
921 922 1315
925 515 926
924 927 516
927 924 104
925 926 521
1301 929 108
930 516 928
929 931 514
1584 102 930
1758 112 933
1596 932 1311
1321 538 936
936 553 1324
935 934 279
1326 938 576
1330 573 937
1332 539 940
941 939 114
1334 940 261
1336 944 950
945 117 944
942 943 499
1335 545 943
948 947 916
949 552 946
946 500 949
947 948 549
1338 942 1872
952 285 953
954 560 951
951 283 955
952 956 561
957 953 269
957 118 954
955 270 956
959 993 1001
958 965 960
959 968 962
994 963 588
963 960 302
962 591 961
965 966 972
967 964 959
964 974 569
965 1000 1353
1344 969 960
1343 572 968
1342 971 295
972 568 970
1345 964 971
1010 1355 996
1354 1350 966
976 594 979
977 574 975
978 577 976
977 980 579
980 975 593
979 581 978
985 982 574
981 983 263
984 1329 982
983 985 573
981 577 984
987 988 450
989 986 589
989 1585 986
987 587 988
994 599 992
992 1002 993
991 990 998
994 991 958
993 961 990
1359 998 599
1361 973 997
998 996 999
997 992 995
1002 997 1357
1001 1356 967
1000 958 1002
999 1001 991
1004 1005 1287
1364 1003 614
1363 247 1003
1369 446 1600
1367 1008 622
1007 1009 596
1010 1360 1008
1009 1601 973
1013 1023 1606
1605 1380 1013
1011 1012 1033
1752 625 1373
1379 623 1017
1378 1018 321
1018 1015 448
1017 451 1016
1020 1386 1392
1021 1019 644
1020 645 1388
1037 1393 1389
1031 1024 1011
1026 1183 1023
1032 634 1027
1028 818 1024
1025 630 1028
1026 1027 817
1032 1030 633
1034 644 1029
1032 1023 1033
1031 1029 1025
1031 1013 1034
1030 1033 645
1036 647 1038
1035 1037 1622
1040 1022 1036
1035 1426 1039
1040 1038 1420
1037 1039 1780
1043 1042 338
1396 655 1041
1041 138 1044
1397 1043 328
1048 1046 189
1047 668 1045
1046 1049 1145
1049 1045 412
1048 756 1047
1139 1051 668
1052 665 1050
1051 1138 662
1055 1054 141
1057 669 1053
1056 1053 158
1055 717 1057
1054 1056 1060
1059 1062 1070
1060 1058 670
1059 1057 1061
1062 1060 16
1058 1061 339
1065 145 1064
1066 1063 669
1066 671 1063
1065 1064 672
1068 1069 672
1067 670 1070
1067 1071 142
1068 1058 1072
1072 341 1069
1071 1070 339
1077 680 1074
1075 1073 676
1074 677 1076
1075 350 1077
1073 1076 681
1079 1080 686
1078 685 1083
1081 160 1078
1082 714 1080
1081 1084 1408
1084 1079 1099
1083 705 1082
1402 1086 688
1087 691 1085
1086 1406 689
1092 1089 1405
1095 716 1088
1093 1410 1091
1090 713 1094
1093 1088 710
1090 1092 1407
1095 1091 706
1094 383 1089
1412 1097 733
1098 384 1096
1097 1639 391
1414 1083 1100
1415 1099 685
1836 748 1102
1105 1101 742
1422 1416 393
1105 740 1418
1846 1102 1104
1425 1153 1928
1431 1121 1108
1500 1107 770
1495 1462 1111
1491 770 1460
1685 1109 1456
1113 1114 188
1117 1112 745
1115 41 1112
1116 180 1114
1115 1117 181
1113 1448 1116
1119 746 1120
1118 1441 1437
1118 186 1443
1921 1461 1107
1465 1813 1123
1124 1122 10
1806 1123 402
1127 1126 1484
1668 747 1125
1667 1125 1821
1129 1132 814
1128 1520 1478
1132 1683 1430
1480 212 1132
1130 1131 1128
1135 43 1134
1135 1133 1136
1134 752 1133
1137 1134 1140
1136 1143 755
1139 1141 1052
1138 1050 1146
1141 1136 42
1138 1140 662
1149 1145 756
1146 1144 1137
1487 757 1143
1146 1047 1142
1143 1139 1145
1149 756 1148
1147 411 1489
1488 1142 1147
1152 1151 49
1156 764 1150
1155 1150 417
1154 1494 1106
1157 1153 764
1156 1152 1159
1155 1157 1151
1492 1154 1156
1499 770 1497
1498 1155 1502
1505 1161 423
1162 415 1160
1161 1163 425
1164 194 1162
1506 771 1163
1167 1166 1561
1168 787 1165
1165 784 1168
1166 1167 1515
1512 788 1508
1171 1516 782
1170 429 1700
1518 1173 395
1522 797 1172
1195 802 1175
1174 433 1176
1194 1175 822
1178 1524 436
1527 1177 807
1180 1181 438
1182 1179 815
1179 1182 211
1180 813 1181
1184 1368 1024
1371 1183 816
1187 1530 819
1187 62 1529
1185 822 1186
1189 454 1190
1533 1193 1188
1532 1188 458
1194 801 1192
1193 1191 455
1197 1192 1189
1195 1176 1191
1194 1196 1174
1197 1536 1195
1196 1193 1534
1200 1346 1199
1204 1198 1776
1198 1201 1347
1200 1202 456
1203 217 1201
1204 829 1202
1203 1199 831
1207 1206 830
1209 828 1205
1774 1205 831
1209 1602 446
1206 1208 827
1211 1545 1704
1212 1210 1548
1211 1863 1213
1214 1212 841
1213 842 1547
1860 1705 838
1219 1716 842
1218 1275 1552
1217 1219 905
1216 841 1218
1550 1222 850
1222 1712 32
1220 1221 96
1713 856 1225
1225 851 1715
1224 1223 1228
1230 1228 857
1228 1229 854
1227 1225 1226
1230 473 1227
1226 858 1229
1233 1232 474
1235 862 1231
1231 475 1234
1235 1233 1711
1232 1234 1730
1970 859 1237
1728 1236 862
1239 1245 484
1241 1238 875
1242 482 1244
1245 1239 1243
1240 1243 873
1241 874 1242
1240 868 1245
1241 1244 1238
1248 497 1247
1248 1246 876
1247 1557 1246
1255 1250 877
1251 1261 1249
1252 876 1250
1251 1254 1555
1256 501 1258
1255 1259 1252
1254 1249 1257
1253 1257 917
1255 878 1256
1259 1253 1735
1258 1556 1254
1264 880 1261
1262 1260 1250
1261 244 1263
1264 1262 484
1260 1263 879
1565 1266 888
1568 252 1265
1269 1268 897
1558 892 1267
1560 1267 786
1559 1564 892
1272 1273 897
1271 898 1274
1271 1274 486
1272 893 1273
1276 1277 1217
1740 1275 905
1275 1278 491
1741 783 1277
1281 1280 781
1281 1291 1279
1280 1279 906
1283 493 1289
1290 1576 1282
1286 494 1285
1290 1284 1574
1284 1287 247
1288 1003 1286
1287 1289 466
1290 1282 1288
1289 1285 1283
1294 1876 1280
1577 1293 493
1294 464 1292
1291 907 1293
1580 1578 782
1298 1297 501
1299 916 1296
1300 1296 917
1297 1300 914
1298 918 1299
1582 928 1303
1303 526 1304
1302 1301 259
1581 1302 364
1743 306 1306
1590 1305 307
1309 779 1308
1760 1307 1587
1307 1310 777
1763 1513 1309
1316 933 1312
1313 1311 110
1314 1312 502
1315 1313 508
1314 923 1316
1311 1315 1319
1318 1511 1595
1317 1319 788
1597 1316 1318
1321 1322 537
1324 1320 934
1320 1323 1594
1322 1324 555
1321 935 1323
1326 300 1327
1328 937 1325
1328 1325 540
1326 1327 1331
1330 1333 983
1331 1329 938
1330 1328 1332
1334 1331 939
1334 263 1329
1332 941 1333
1336 1337 945
1335 942 1338
1335 1339 548
1340 1336 950
1340 550 1337
1338 1873 1339
1343 1342 572
1345 970 1341
1344 1341 969
1343 968 1345
1342 1344 972
1347 1771 1198
1346 1200 1349
1900 1349 1
1347 457 1348
1958 1352 974
1352 1959 570
1351 569 1350
1354 967 1356
1770 974 1353
1768 1357 973
1357 1353 1000
1356 999 1355
1359 596 1360
1361 995 1358
1361 1358 1009
1359 1360 996
1365 607 1363
1364 1362 1005
1363 1004 1366
1362 1366 314
1364 615 1365
1369 1007 1603
1371 1607 1183
1367 1370 1006
1371 826 1369
1368 1184 1370
1374 1373 624
1374 1014 1372
1373 1372 1375
1377 1374 1608
1610 321 1377
1375 1376 1751
1379 1016 1611
1378 1380 1015
1379 1381 1012
1609 624 1380
1612 627 1383
1385 1382 317
1613 1620 1391
1619 1383 646
1388 1387 1019
1615 1390 1386
1386 1021 1616
1623 1022 1390
1391 1389 1387
1390 1384 1624
1394 1019 1393
1778 1392 1022
1392 1626 644
1396 1400 656
1397 1395 1042
1396 1044 1398
1397 330 1399
1400 1398 663
1399 667 1395
1402 687 1403
1406 1085 1401
1401 159 1404
1405 1403 709
1404 1088 1406
1402 1405 1087
1411 1093 1634
1630 1082 1409
1410 1408 713
1411 1409 1090
1631 1410 1407
1636 1096 1413
1412 735 1414
1415 1413 1099
1414 1100 1635
1417 1418 1103
1416 1423 1419
1419 1104 1416
1418 1417 1933
1421 1039 1641
1422 394 1420
1424 1103 1421
1424 1934 1417
1640 1423 1422
1643 1427 1106
1427 1642 1038
1425 1426 743
1475 1840 1842
1430 1677 1476
1429 1130 1684
1503 1918 1107
1504 422 1919
1457 1782 1687
1435 1661 1451
1434 1439 1468
1674 1469 1439
1438 1119 1675
1440 1454 1437
1440 1436 1435
1439 1452 1438
1443 1472 1119
1471 1443 9
1441 1120 1442
1647 190 1445
1645 1444 1447
1447 181 1448
1651 1445 1446
1650 1446 1117
1450 413 1788
1449 1920 406
1452 1434 1660
1451 1454 1440
1454 1654 746
1452 1453 1438
1665 1464 1922
1457 1111 1463
1459 1433 1456
1664 1666 1459
1457 1458 1783
1462 1110 1461
1464 1460 1121
1460 1463 1109
1464 1456 1462
1463 1461 1455
1808 1467 1122
1467 1803 1470
1466 1812 1465
1473 1435 1469
1470 1468 1436
1469 1466 1673
1472 1442 1815
1471 1676 1441
1824 1802 1468
1475 1688 1903
1474 1966 1428
1483 1429 1679
1478 395 1479
1682 1129 1477
1832 1477 739
1483 1481 1131
1486 404 1480
1483 1822 1484
1482 1480 1476
1482 1125 1485
1486 1484 172
1481 1485 403
1488 1490 1144
1489 1487 1149
1488 1148 1648
1487 1789 757
1495 1497 1110
1498 1494 1157
1496 1847 1494
1492 1493 1153
1491 1109 1496
1493 1495 1686
1498 1158 1491
1497 1492 1159
1502 1500 1158
1503 1108 1499
1506 1502 771
1499 1159 1501
1504 1431 1500
1503 1505 1432
1506 1160 1504
1505 1501 1164
1517 1508 787
1695 1169 1507
1510 1762 1511
1512 1514 1509
1512 1509 1317
1510 1511 1169
1514 1691 1310
1698 1513 1510
1517 1168 1516
1697 1515 1170
1696 1507 1515
1522 1172 1520
1520 808 1521
1519 1518 1129
1522 1519 795
1518 1521 1173
1524 1525 437
1527 1523 1177
1526 795 1523
1527 806 1525
1524 1178 1526
1530 1529 66
1530 1186 1528
1529 1528 1185
1539 1532 823
1533 1190 1531
1532 1534 1189
1540 1197 1533
1536 1537 804
1540 1535 1196
1538 640 1535
1539 825 1537
1540 1531 1538
1539 1536 1534
1543 841 1864
1865 492 1543
1541 1542 904
1545 1546 723
1547 1544 1210
1547 852 1544
1545 1214 1546
1861 1211 1702
1722 1550 858
1710 1220 1549
1714 1552 855
1717 1217 1551
1723 857 1554
1720 1553 901
1557 1252 1556
1734 1555 1259
1555 1733 1248
1560 1559 1268
1570 1270 1558
1558 1269 1562
1562 1165 1569
1560 785 1561
1565 886 1564
1566 1563 1270
1566 1265 1563
1564 1567 1565
1570 1568 1566
1567 1572 1266
1570 1561 1571
1569 1567 1559
1572 1569 787
1571 920 1568
1577 1575 1877
1576 1285 1575
1573 1574 910
1574 1577 1283
1573 1292 1576
1882 1579 1295
1578 1737 429
1881 1295 1742
1582 1304 1583
1581 1584 1301
1581 701 1584
1582 1583 931
1744 1586 988
1944 451 1585
1764 1308 1939
1590 260 1589
1749 1588 1753
1591 1306 1588
1590 1592 1745
1748 1746 1591
1594 1754 537
1593 1322 1756
1897 1317 1761
1767 933 1597
1895 1596 1319
1898 1769 1599
1772 1598 1601
1601 1006 1602
1600 1599 1010
1775 1600 1208
1607 1367 1604
1603 623 1605
1606 1604 1012
1605 1011 1607
1603 1606 1368
1610 1375 1609
1611 1608 1381
1608 1611 1376
1609 1378 1610
1613 1614 1382
1612 1384 1615
1612 1617 628
1616 1613 1387
1615 1388 1618
1614 1618 322
1616 625 1617
1620 1385 1621
1619 1624 1384
1622 1619 649
1621 1036 1623
1624 1622 1389
1623 1391 1620
1628 633 1626
1629 1625 1394
1628 1781 631
1629 1627 1625
1628 1626 1779
1631 1632 1408
1630 1411 1634
1630 1633 714
1632 1634 712
1631 1407 1633
1636 1415 1637
1635 1639 1412
1635 684 1638
1639 1637 533
1636 1638 1098
1849 1424 1641
1640 1420 1644
1643 1644 1426
1642 1425 1853
1852 1641 1642
1647 1445 1656
1647 1648 411
1645 1646 1444
1787 1489 1646
1650 745 1655
1652 1448 1649
1652 1790 1447
1655 1651 1650
1654 1658 1793
1653 1655 1453
1652 1649 1654
1657 1645 1791
1656 1915 1786
1660 1659 1653
1662 1798 1658
1658 1451 1661
1662 1660 1434
1659 1661 1801
1665 1795 1799
1665 1666 1458
1664 1455 1663
1664 1800 1458
1668 1127 1826
1667 1671 1126
1807 402 1670
1671 1669 747
1672 1670 1668
1671 1804 1809
1823 1470 1805
1675 1810 1436
1674 1437 1676
1811 1675 1472
1816 1680 1429
1825 1912 1909
1820 1476 1680
1681 1679 1677
1680 1980 1819
1833 1683 1478
1682 1684 1130
1817 1430 1683
1689 1686 1111
1924 1496 1685
1689 1433 1688
1843 1687 1474
1690 1685 1687
1689 1844 1848
1699 1693 1513
1701 248 1694
1694 777 1691
1693 1692 605
1696 1698 1508
1697 1695 1517
1696 1516 1700
1699 1514 1695
1701 1691 1698
1697 1171 1701
1699 1700 1692
1706 1548 1704
1705 1704 727
1702 1210 1703
1706 1703 1215
1702 1705 1707
1862 1706 1856
1709 1855 469
1867 1708 845
1725 1712 1550
1727 1234 1712
1710 1711 1221
1715 1714 1223
1717 1551 1713
1713 1224 1716
1717 1715 1216
1714 1716 1552
1720 1869 1724
1720 483 1721
1718 1554 1719
1973 1719 865
1725 1549 1723
1724 1722 1553
1723 1718 1726
1727 1710 1722
1724 1731 1727
1725 1726 1711
1729 1237 1730
1732 1936 1728
1728 1235 1731
1732 1730 1726
1729 1731 1868
1734 1871 1557
1733 1556 1735
1734 1258 1875
1885 910 1737
1883 1736 1579
1879 1739 780
1740 904 1738
1741 1276 1739
1740 1742 1278
1880 1580 1741
1745 1744 1305
1942 1585 1743
1743 1591 1746
1941 1745 1592
1749 1890 1893
1749 1989 1592
1748 1589 1747
1752 1887 196
1752 1377 1946
1751 1750 1014
1891 1589 1754
1888 1753 1593
1756 556 1757
1759 1594 1755
1758 1755 109
1759 1757 932
1756 1758 1889
1763 1308 1765
1766 1595 1762
1763 1761 1509
1760 1762 1310
1892 1765 1587
1766 1760 1764
1765 1955 1761
1896 1948 1596
1770 1355 1769
1976 1768 1598
1768 1978 1354
1901 1777 1346
1775 1773 1599
1777 1899 1772
1775 1207 1776
1772 1602 1774
1774 1199 1777
1773 1776 1771
1779 1393 1780
1781 1629 1778
1778 1040 1781
1779 1780 1627
1784 1963 1433
1784 1459 1908
1785 1782 1783
1784 1907 1961
1787 1657 1788
1786 1789 1648
1786 1449 1789
1787 1788 1490
1793 1791 1651
1792 1656 1790
1791 1794 1797
1790 1653 1795
1795 1796 1792
1794 1793 1663
1917 1797 1794
1916 1792 1796
1801 1799 1659
1800 1663 1798
1799 1910 1666
1798 1662 1802
1911 1801 1473
1804 1805 1466
1828 1803 1672
1829 1673 1803
1808 1124 1807
1809 1806 1669
1809 1465 1806
1807 1672 1808
1811 1812 1674
1810 1676 1815
1810 1813 1467
1812 1814 1122
1815 8 1813
1811 1471 1814
1986 1677 1817
1818 1816 1684
1817 1835 1985
1820 1681 1831
1819 1822 1679
1827 1127 1822
1820 1821 1482
1829 1824 1673
1825 1473 1823
1830 1678 1824
1828 1667 1827
1831 1826 1821
1829 1804 1826
1828 1823 1805
1825 1831 1967
1827 1819 1830
1833 1479 1834
1838 1682 1832
1837 1832 749
1838 1841 1818
1839 1837 1101
1838 1834 1836
1837 1835 1833
1836 1845 1840
1841 1839 1428
1835 1840 1984
1843 1428 1845
1844 1688 1842
1843 1930 1690
1846 1842 1839
1932 1845 1105
1925 1927 1493
1923 1690 1850
1852 1935 1640
1851 1848 1931
1850 1854 1926
1853 1849 1644
1852 1643 1854
1851 1853 1929
1856 1858 1708
1855 1707 1860
1858 1859 843
1857 844 1855
1860 840 1857
1856 1215 1859
1862 1863 1548
1867 1861 1707
1861 1864 1212
1865 1541 1863
1864 1866 1542
1867 847 1865
1862 1709 1866
1937 1732 1869
1938 1868 1718
1871 1872 499
1875 1870 1733
1873 950 1870
1872 1874 1340
1873 1875 552
1871 1735 1874
1877 1878 1291
1876 1573 1886
1879 781 1876
1880 1738 1878
1879 1884 1742
1884 1882 1580
1883 1578 1881
1885 1737 1882
1886 1881 1880
1883 1886 1736
1884 1877 1885
1943 1940 1750
1891 1754 1889
1888 1759 1950
1891 1949 1747
1888 1890 1753
1954 1764 1894
1894 1747 1947
1893 1892 1987
1896 1597 1897
1951 1767 1895
1956 1895 1595
1957 1598 1899
1901 1898 1773
1901 1348 1960
1899 1771 1900
1904 1962 1906
1904 1474 1964
1902 1914 1903
1906 1909 1913
1905 1902 1907
1908 1906 1785
1907 1783 1910
1911 1678 1905
1911 1908 1800
1910 1802 1909
1968 1913 1678
1914 1905 1912
1913 1965 1904
1916 1920 1657
1917 1915 1797
1916 1796 1922
1919 1921 1431
1918 1432 1920
1915 1919 1450
1922 1121 1918
1917 1455 1921
1926 1924 1848
1923 1925 1686
1927 1847 1924
1923 1851 1929
1925 1928 1847
1929 1106 1927
1926 1854 1928
1932 1931 1844
1935 1850 1930
1930 1846 1933
1932 1419 1934
1935 1933 1423
1931 1934 1849
1937 1971 1729
1938 1936 1868
1937 1869 1974
1975 1587 1940
1994 1939 1887
1942 1746 1991
1941 1944 1744
1993 1887 1946
1942 1945 1586
1944 1946 321
1943 1751 1945
1953 1893 1949
1952 1950 1767
1950 1947 1890
1949 1889 1948
1956 1952 1896
1953 1948 1951
1952 1954 1947
1953 1955 1892
1954 1956 1766
1951 1897 1955
1960 1977 1898
1959 1350 1979
1958 1960 1351
1957 1900 1959
1963 1785 1962
1964 1961 1902
1961 1964 1782
1962 1903 1963
1969 1966 1914
1965 1983 1475
1968 1830 1981
1969 1912 1967
1982 1965 1968
1971 1972 1236
1974 1970 1936
1970 1973 861
1974 1721 1972
1971 1938 1973
1995 1988 1939
1978 1769 1977
1979 1976 1957
1976 1979 1770
1977 1958 1978
1986 1981 1681
1982 1967 1980
1981 1983 1969
1982 1984 1966
1985 1841 1983
1986 1818 1984
1985 1980 1816
1989 1894 1988
1990 1987 1975
1987 1990 1748
1988 1992 1989
1993 1941 1992
1995 1991 1990
1991 1994 1943
1995 1940 1993
1992 1975 1994
